# Constructed from biom file
SM030818-1	SM030818-24	SM030818-33	SM030818-62	SM030818-66	SM030818-91	SM030818-92	SM030818-93	SM030818-94	SM030818-95	SM030818-96	SM030818-97	SM030818-98	SM030818-99	SM030818-100	SM030818-101	SM030818-102	SM030818-103	SM030818-104	SM030818-105	SM030818-106	SM030818-107	SM030818-108	SM030818-109	SM030818-110	SM030818-111	SM030818-121	SM030818-126	SM030818-128	SM030818-130	SM030818-131	SM030818-132	SM030818-133	SM030818-134	SM030818-135	SM030818-136	SM030818-138	SM030818-139	SM030818-140	SM030818-141	SM030818-142	SM030818-143	SM030818-144	SM030818-145	SM030818-146	SM030818-147	SM030818-148	SM111418-7	SM111418-12	SM111418-44	SM111418-52	SM111418-59	SM111418-94	SM111418-113	SM071219-60	SM071219-66	SM071219-71	SM071219-89	SM071219-92	SM071219-95
k__Bacteria;p__Acidobacteria;c__Acidobacteriia	1.87999965314e-06	0.0	0.0	0.0	0.0	0.0	0.0	0.0	0.0	0.0	0.0	0.0	0.0	0.0	0.0	0.0	0.0	0.0	0.0	0.0	0.0	0.0	0.0	0.0	0.0	0.0	0.0	0.0	0.0	0.0	2.06999999379e-06	0.0	0.0	0.0	0.0	0.0	0.0	0.0	0.0	0.0	0.0	0.0	0.0	0.0	0.0	0.0	0.0	0.0	0.0	0.0	0.0	0.0	0.0	0.0	0.0	0.0	0.0	0.0	0.0	0.0
k__Bacteria;p__Actinobacteria;c__Acidimicrobiia	0.0	0.0	0.0	0.0	0.0	0.0	0.0	0.0	0.0	0.0	0.0	0.0	0.0	0.0	0.0	0.0	0.0	0.0	0.0	0.0	0.0	0.0	0.0	0.0	0.0	0.0	0.0	0.0	0.0	0.0	0.0	0.0	0.0	0.0	0.0	0.0	0.0	0.0	0.0	0.0	0.0	0.0	0.0	5.70999852506e-06	0.0	0.0	0.0	0.0	0.0	0.0	0.0	0.0	0.0	0.0	0.0	0.0	0.0	0.0	0.0	0.0
k__Bacteria;p__Actinobacteria;c__Actinomycetia	0.133746246324	0.029268725521	0.000496068880497	0.573815862136	0.0177203041395	0.00620043614596	0.0627737770716	0.00160500902234	0.00111818693537	0.00127456776786	0.00127042891989	0.264877774519	0.000812615116204	0.0412398835671	0.00250327837135	0.0505356573663	0.54856202559	0.294933227783	0.164119221242	0.00367981744745	0.00656040866823	0.496835633586	0.000319871050584	0.00276819667803	0.00127454237994	0.0	0.00618988746262	0.00225990800339	0.00930595124955	0.0574711044919	0.238509813284	0.0074384297939	0.000576255830065	0.254428811505	0.314526222049	0.139152855436	0.703442886491	0.905333617219	0.332865555026	0.653342787361	0.00862261950506	0.246875682914	0.147455652053	0.210066417756	0.772252990237	0.00324957270818	0.381752839862	0.00165979799999	0.0972324424715	0.0286419184569	0.000190762002671	0.243740834515	0.000656041871377	0.0684298324303	0.131367011674	0.218187960697	0.0	0.0846129008224	0.021875664901	0.00586912869154
k__Bacteria;p__Actinobacteria;c__Coriobacteriia	0.00582611792508	0.00221530303943	0.000775414813202	0.000127690967942	0.0	0.0	0.0158687191139	0.0	0.000967812944059	0.00234147357354	0.00187503988177	0.0415109821931	0.0	0.00991912437693	4.65999882972e-05	0.0140862407083	0.00015999996488	0.0	0.00516084949819	0.00193234023457	0.00235126677357	0.00441677229857	0.0	0.00531181638218	0.012314504671	0.0	0.0264806287011	0.0371721880558	0.048277183182	0.0127099113299	0.00759537297721	0.0268335378639	0.00741480081341	0.017164297308	0.007283255056	0.00838290662872	0.0454884589614	0.0142087467364	0.035526115794	0.0487627607965	0.0450786015522	0.0233890170023	0.00121235671267	0.0797218424072	0.0108595975815	0.101748426556	0.0266592718507	0.0	0.00175182195444	0.00518045009302	0.0	0.0154805698341	4.12999919026e-05	0.0101041879963	0.00675422264645	0.000761777887217	0.0272133979728	0.00364207551887	0.00143600553835	0.000633933074231
k__Bacteria;p__Aquificae;c__Aquificae	0.0	0.0	0.0	0.0	0.0	0.0	0.0	0.0	0.0	0.0	1.0799999319e-83	0.0	0.0	0.0	0.0	0.0	0.0	0.0	0.0	0.0	0.0	0.0	0.0	0.0	0.0	0.0	0.0	0.0	0.0	0.0	0.0	0.0	0.0	0.0	0.0	0.0	0.0	0.0	0.0	0.0	0.0	0.0	0.0	0.0	0.0	0.0	0.0	0.0	0.0	0.0	0.0	0.0	0.0	0.0	0.0	0.0	0.0	0.0	0.0	0.0
k__Bacteria;p__Bacteroidetes;c__Bacteroidia	0.577434170463	0.280025075984	0.944985814253	0.00523409368592	0.048740351423	0.00208198004901	0.281656068876	0.000873835012166	0.747527174592	0.808076327956	0.00174662888987	0.00782395416727	0.00799912914388	0.841144549963	0.000750135811616	0.468126386073	0.000408089910424	0.647334907887	0.50601297775	0.892604541353	0.873865809847	0.258010501441	8.45000133906e-05	8.16999904975e-05	0.853730541497	0.288522734841	0.700759533479	0.825118800738	0.00176761693347	0.674011638537	0.538322066385	0.380435435604	0.765574014236	0.000661305243036	0.494731867949	0.550617104296	0.0153107573138	0.00276981131317	0.204963308966	0.0108023863855	0.0267831619934	0.330029156812	0.0115363702659	0.0111758891132	0.0800860639134	0.178503225904	0.113537908364	0.00230314899998	0.453065541218	0.861295380948	0.959164145428	0.353045000993	0.000894684824586	0.578502415283	0.502447853309	0.0245739493618	0.0914246909086	0.665119705136	0.677844072117	0.856061914241
k__Bacteria;p__Bacteroidetes;c__Chitinophagia	0.0	0.0	0.0	0.0	0.0	0.0	0.0	0.0	0.0	0.0	0.0	0.0	0.0	0.0	0.0	0.0	0.0	0.0	0.0	6.58000079874e-07	0.0	0.0	0.0	0.0	0.0	0.0	0.0	0.0	0.0	0.0	0.0	0.0	0.0	0.0	0.0	0.0	0.0	0.0	0.0	0.0	0.0	0.0	0.0	0.0	0.0	0.0	0.0	0.0	0.0	0.0	1.3500000189e-239	0.0	0.0	0.0	0.0	0.0	0.0	0.0	0.0	0.0
k__Bacteria;p__Bacteroidetes;c__Cytophagia	3.99699926255e-06	1.27000002261e-05	1.3299996796e-06	0.0	0.0	0.0	0.0	0.0	0.0	0.0	0.0	0.0	0.0	0.0	0.0	0.0	0.0	0.0	0.0	0.0	0.0	0.0	0.0	0.0	0.0	0.0	0.0	0.0	0.0	0.0	0.0	0.0	0.0	0.0	0.0	0.0	0.0	0.0	2.36000051775e-06	0.0	0.0	0.0	0.0	0.0	0.0	0.0	0.0	0.0	1.55999995943e-247	1.73999935949e-06	0.0	0.0	0.0	0.0	0.0	0.0	0.0	0.0	0.0	0.0
k__Bacteria;p__Bacteroidetes;c__Flavobacteriia	0.0117340508351	0.00129672702308	0.00388016306527	0.0	0.0	0.0	9.89999695173e-06	0.000348668004853	0.000265857984634	0.00567191196696	0.0	4.99000074447e-81	0.0	1.7500000665e-59	2.12999946509e-05	0.000687260936978	3.96999912858e-05	0.000932189021437	0.0053690574376	0.000331843040282	0.00598095242403	4.74000032042e-05	0.0	0.0	6.65000198237e-06	0.0	0.000334717970941	0.0115990950174	0.0	0.000552335014339	0.0116473039651	0.0117827802576	0.0547609488513	8.01000294376e-06	0.000908752757441	0.0108789888159	7.61199965886e-05	1.36000064478e-05	0.00178341839126	2.71860110369e-05	0.000137800071996	0.000874267925329	0.0	2.66999931032e-06	0.000251522990306	0.000325661133006	0.000137087999232	0.0	0.00143458696269	0.00117489656751	0.0211512552961	0.00962064741101	3.62999928829e-05	0.000190749962174	0.00799945339691	0.0	0.0	0.0123521103705	0.00570563013899	0.0139164836296
k__Bacteria;p__Bacteroidetes;c__NA	1.98999963284e-06	0.0	0.0	0.0	0.0	0.0	0.0	0.0	0.0	0.0	0.0	0.0	0.0	0.0	0.0	0.0	0.0	0.0	0.0	0.0	0.0	0.0	0.0	0.0	0.0	0.0	0.0	0.0	0.0	0.0	0.0	0.0	0.0	0.0	0.0	0.0	0.0	0.0	0.0	0.0	0.0	0.0	0.0	0.0	0.0	0.0	0.0	0.0	0.0	0.0	0.0	0.0	0.0	0.0	0.0	0.0	0.0	0.0	0.0	0.0
k__Bacteria;p__Bacteroidetes;c__Sphingobacteriia	2.46999954428e-06	0.0	0.0	0.0	0.0	0.0	0.0	0.0	0.0	0.0	0.0	0.0	0.0	0.0	0.0	0.0	0.0	0.0	0.0	0.0	0.0	0.0	0.0	0.0	0.0	0.0	0.0	0.0	0.0	0.0	0.0	0.0	0.0	0.0	0.0	2.59000019425e-06	0.0	0.0	0.0	0.0	0.0	0.0	0.0	0.0	0.0	0.0	0.0	0.0	4.2799998887e-231	0.0	0.0	0.0	0.0	0.0	0.0	0.0	0.0	0.0	0.0	0.0
k__Bacteria;p__Candidatus Cloacimonetes;c__NA	0.0	0.0	0.0	0.0	0.0	0.0	0.0	0.0	0.0	0.0	0.0	0.0	0.0	0.0	0.0	4.76999956259e-06	0.0	0.0	0.0	0.0	0.0	0.0	0.0	0.0	0.0	0.0	0.0	0.0	0.0	0.0	0.0	0.0	0.0	0.0	0.0	0.0	0.0	0.0	0.0	0.0	0.0	0.0	0.0	0.0	0.0	0.0	0.0	0.0	0.0	0.0	0.0	0.0	0.0	0.0	0.0	0.0	0.0	0.0	0.0	0.0
k__Bacteria;p__Candidatus Saccharibacteria;c__Candidatus Saccharimonia	0.0	0.0	0.0	0.0	0.0	0.0	9.12999718882e-06	0.0	0.0	0.0	0.0	0.000116402017366	0.0	0.0	7.04999822951e-05	0.0	4.49999901225e-05	0.0	0.0	0.0	0.0	0.0	0.0	0.000122991985695	0.0	0.0	0.0	0.0	0.0	0.0	0.0	0.0	0.0	0.0	0.0	2.19000016425e-05	3.2399998548e-05	4.99000236576e-06	0.0	1.26000051153e-05	0.0	0.0	0.0	0.0	0.0	0.0	5.25999997054e-05	0.0	0.0	0.0	0.0	0.0	0.000361642929095	0.0	0.0	0.0	0.0	0.0	0.0	0.0
k__Bacteria;p__Chlorobi;c__Chlorobia	2.37999956089e-06	0.0	0.0	0.0	0.0	0.0	0.0	0.0	0.0	0.0	0.0	0.0	0.0	0.0	0.0	0.0	0.0	0.0	0.0	0.0	0.0	0.0	0.0	0.0	0.0	0.0	0.0	0.0	0.0	0.0	0.0	0.0	0.0	0.0	0.0	0.0	0.0	0.0	0.0	0.0	0.0	0.0	0.0	0.0	0.0	0.0	6.39222146431e-311	0.0	0.0	0.0	0.0	0.0	0.0	0.0	0.0	0.0	0.0	0.0	0.0	0.0
k__Bacteria;p__Chloroflexi;c__Anaerolineae	0.0	0.0	0.0	0.0	0.0	0.0	0.0	0.0	0.0	0.0	0.0	0.0	0.0	0.0	0.0	0.0	0.0	0.0	0.0	0.0	0.0	0.0	0.0	0.0	0.0	0.0	0.0	0.0	0.0	0.0	0.0	0.0	0.0	0.0	0.0	0.0	0.0	0.0	0.0	0.0	0.0	0.0	0.0	0.0	3.22999987551e-06	0.0	0.0	0.0	0.0	0.0	0.0	0.0	0.0	0.0	0.0	0.0	0.0	0.0	0.0	0.0
k__Bacteria;p__Chloroflexi;c__NA	0.0	0.0	0.0	0.0	0.0	0.0	0.0	0.0	0.0	0.0	0.0	1.79000026705e-290	0.0	0.0	0.0	0.0	0.0	0.0	0.0	0.0	0.0	0.0	0.0	0.0	0.0	0.0	0.0	0.0	0.0	0.0	0.0	0.0	0.0	0.0	0.0	0.0	0.0	0.0	0.0	0.0	0.0	0.0	0.0	0.0	0.0	0.0	0.0	0.0	0.0	0.0	0.0	0.0	0.0	0.0	0.0	0.0	0.0	0.0	0.0	0.0
k__Bacteria;p__Coprothermobacterota;c__Coprothermobacteria	0.0	0.0	0.0	0.0	0.0	0.0	0.0	0.0	0.0	0.0	0.0	0.0	0.0	0.0	0.0	0.0	0.0	0.0	0.0	0.0	0.0	0.0	0.0	0.0	0.0	0.0	0.0	0.0	0.0	0.0	0.0	0.0	0.0	0.0	0.0	0.0	0.0	0.0	1.1400002501e-05	0.0	0.0	0.0	0.0	0.0	0.0	0.0	0.0	0.0	0.0	0.0	0.0	0.0	0.0	0.0	0.0	0.0	0.0	0.0	0.0	0.0
k__Bacteria;p__Cyanobacteria;c__Gloeobacteria	1.60999970295e-06	0.0	0.0	0.0	0.0	0.0	0.0	0.0	0.0	0.0	0.0	0.0	0.0	0.0	0.0	0.0	0.0	0.0	0.0	0.0	0.0	0.0	0.0	0.0	0.0	0.0	0.0	0.0	0.0	0.0	0.0	0.0	0.0	0.0	0.0	0.0	0.0	0.0	0.0	0.0	0.0	0.0	0.0	2.64999931548e-06	0.0	0.0	0.0	0.0	0.0	0.0	0.0	0.0	0.0	0.0	0.0	0.0	0.0	0.0	0.0	0.0
k__Bacteria;p__Cyanobacteria;c__NA	4.67999913654e-42	0.0	0.0	0.0	0.0	0.0	3.61999888538e-06	0.0	0.0	0.0	0.0	0.0	0.0	0.0	0.0	0.0	0.0	0.0	0.0	0.0	0.0	0.0	0.0	0.0	0.0	0.0	0.0	0.0	0.0	0.0	0.0	0.0	0.0	0.0	0.0	0.0	0.0	0.0	0.0	5.42000220039e-06	0.0	0.0	0.0	1.2399996797e-26	0.0	7.62000311214e-06	0.0	0.0	0.0	0.0	0.0	5.30999857104e-06	0.0	0.0	0.0	0.0	0.0	0.0	0.0	0.0
k__Bacteria;p__Deferribacteres;c__Deferribacteres	0.0	0.0	0.0	0.0	0.0	0.0	0.0	0.0	0.0	0.0	0.0	0.0	0.0	0.0	0.0	0.0	0.0	0.0	0.0	0.0	0.0	0.0	0.0	0.0	0.0	0.0	0.0	0.0	0.0	0.0	0.0	0.0	0.0	0.0	0.0	0.0	0.0	0.0	0.0	3.52000142904e-06	0.0	0.0	0.0	0.0	0.0	0.0	0.0	0.0	0.0	0.0	0.0	0.0	0.0	0.0	0.0	0.0	0.0	0.0	0.0	0.0
k__Bacteria;p__Deinococcus-Thermus;c__Deinococci	3.68999931919e-06	0.0	0.0	0.0	0.0	0.0	0.0	0.0	0.0	0.0	0.0	0.0	0.0	0.0	0.0	0.0	0.0	0.0	0.0	0.0	0.0	0.0	0.0	0.0	0.0	0.0	0.0	0.0	0.000824885968936	0.0	0.0	1.21100012925e-05	0.0	8.22000302093e-06	2.9799992046e-06	0.0	9.2399995859e-05	9.90500469597e-06	1.91600042035e-05	2.1420008696e-05	2.66000138977e-05	6.099999479e-05	1.05699974949e-05	0.00389478099395	9.16999964658e-06	0.000114900046927	7.24299995944e-05	0.0	0.0	1.14999957667e-06	0.0	3.86999895855e-06	0.0	0.0	0.0	0.0	0.0	0.0	0.0	0.0
k__Bacteria;p__Elusimicrobia;c__Elusimicrobia	0.0	0.0	0.0	0.0	0.0	0.0	0.0	0.0	0.0	0.0	0.0	0.0	0.0	0.0	0.0	0.0	0.0	0.0	0.0	0.0	0.0	0.0	0.0	0.0	0.0	0.0	0.0	0.0	0.0	0.0	0.0	0.0	0.0	0.0	0.0	0.0	0.0	0.0	0.0	0.0	0.0	0.0	0.0	0.0	0.0	0.0	0.0	0.0	0.0	0.0	0.0	9.06999755919e-40	0.0	0.0	0.0	0.0	0.0	0.0	0.0	0.0
k__Bacteria;p__Elusimicrobia;c__Endomicrobia	0.0	0.0	0.0	0.0	0.0	0.0	0.0	0.0	0.0	0.0	0.0	0.0	0.0	0.0	0.0	3.19014270746e-127	0.0	0.0	0.0	0.0	0.0	0.0	0.0	0.0	0.0	0.0	0.0	0.0	0.0	0.0	0.0	0.0	0.0	0.0	0.0	0.0	0.0	0.0	0.0	0.0	0.0	0.0	0.0	0.0	0.0	0.0	0.0	0.0	0.0	0.0	0.0	0.0	0.0	0.0	0.0	0.0	0.0	0.0	0.0	0.0
k__Bacteria;p__Firmicutes;c__Bacilli	0.00631541583495	0.0108516843932	0.00111953473031	0.129705336296	0.0109743243344	0.22303051871	0.0173137246695	0.00601353416357	0.00203654288352	0.00126137877026	0.127767810997	0.078719269745	0.00187287626782	0.00378749414393	0.606924492714	0.036367904665	0.0728784090036	0.00246884005686	0.0499144767749	7.97446197181e-05	0.00368178864544	0.0434385833366	0.0129324240452	0.0171423218158	0.02707153697	0.0416968948325	0.0060599040739	0.0180876740271	0.103131391174	0.0052544001364	0.00739202397785	0.0835424704169	0.0252340948436	0.0232489201443	0.00331847182795	0.023013174726	0.0428213478809	0.00827877196817	0.0138191356317	0.0573336281802	0.0649436957611	0.0351490211079	0.675860786821	0.00724984791817	0.0428061131502	0.0976817730969	0.0624258886504	0.859762329001	0.0208695424577	0.00566191991579	0.00045931000643	0.0710801298718	0.00674125174143	0.0155123769239	0.0132968883353	0.14481393986	0.660695933339	0.01544260866	0.030163077517	0.0291326514114
k__Bacteria;p__Firmicutes;c__Clostridia	0.256566757663	0.233093534149	0.0459195699382	0.20118632649	0.00970993007644	0.00688022616196	0.0847204829141	0.0	0.0201794228336	0.0633056584699	0.0245934084493	0.311238493434	0.00692092998969	0.047737306814	0.131351241013	0.213838381391	0.020701433956	0.00345435307944	0.223559046944	0.00868540305431	0.0324215448778	0.154850612468	0.000108300017111	0.0651727824198	0.0769950139522	0.00452217598183	0.198049009806	0.0631614120947	0.757973357456	0.0749503249457	0.0933756767199	0.429371360827	0.139847999759	0.668714409759	0.177214246699	0.262371436678	0.131586865103	0.052539577409	0.281884813855	0.207673845311	0.797323942578	0.203860891588	0.159562345184	0.126830509239	0.0881811086393	0.44363946119	0.407915988716	0.0	0.249734544506	0.0402851591706	0.0187745622628	0.301673079817	0.000404549920682	0.0574768266024	0.0390660021712	0.18601475646	0.0	0.155061550516	0.225304893465	0.0888779134072
k__Bacteria;p__Firmicutes;c__Erysipelotrichia	0.0017913026695	0.000382157006802	0.000268381935347	0.0471171941706	0.00238668101879	0.0	0.000275261915245	0.0	0.000829530952052	7.66999860304e-05	0.000660062958381	0.0421509072886	0.0	0.00216522708228	0.179958230807	0.00326672370044	0.00146722267794	0.0	0.00245021028699	0.000275236033411	0.000460718955633	0.00278502518827	6.80000107435e-05	0.0056607453416	0.000438413130691	0.0	0.00265325976965	0.000636132000954	0.0117763055565	0.000321845008355	0.000415969998752	0.00150790316094	0.000311249908214	0.00266345597885	0.000869110768022	0.000620479046536	0.00365625983614	0.00683105623861	0.00787538472776	0.00230680893651	0.0444128662044	0.0297048854629	0.00288765831562	0.0209193255964	0.00175107093251	0.00566008131167	0.00097850799452	0.0	0.00168256495625	0.000873204678564	0.0	0.000721470805846	0.0	0.000307437939035	0.000456447908528	0.033745094004	0.0	0.000951796874265	0.000515127193116	0.000657715077016
k__Bacteria;p__Firmicutes;c__NA	0.0	0.0	0.0	0.0	0.0	0.0	1.9099994119e-05	0.0	0.0	0.0	0.0	0.0	0.0	0.0	0.0	0.0	0.0	0.0	0.0	0.0	4.94999952331e-26	0.0	0.0	0.0	0.0	0.0	0.0	0.0	0.0	1.26000003271e-05	0.0	0.0	0.0	0.0	0.0	0.0	4.31999980639e-06	0.0	0.0	4.86000197304e-06	0.0	0.0	0.0	0.0	4.28999983466e-27	0.0	0.0	0.0	1.11999997088e-144	3.12999884782e-06	0.0	0.0	0.0	0.0	0.0	4.37999935153e-05	0.0	0.0	0.0	0.0
k__Bacteria;p__Firmicutes;c__Negativicutes	0.000178635967042	0.00144508402572	8.38599797981e-05	0.0176551465675	0.0190778069902	0.44648242251	0.122844016176	0.0096700811346	0.038874399753	0.00341186237859	0.118565695524	0.0216910162361	0.00769258710004	0.0	0.0247417787865	0.0041817526166	0.155299445912	0.0471266310842	0.0126215313271	2.15100026111e-05	0.00300653771047	0.00292445619769	0.0906328233194	0.0598842130349	0.015521568627	0.00243727899021	7.64999933586e-05	0.00394963700592	0.0331796477505	0.000289558007517	0.000309301999072	0.00303039932343	0.00132856460821	0.00165550260841	2.43099935113e-05	0.00010680000801	8.9789995976e-05	1.1120005272e-05	0.000160000035102	5.93500240947e-05	0.00137107371634	0.000683197941648	0.000239895943145	0.000143839962846	0.000451943982582	0.000816281333383	0.00071064599602	0.000734966999995	0.165161616705	0.001165406571	0.0	0.000244647934163	0.00870879129256	0.263009245845	0.282526450382	0.0236224635028	0.0	0.00371524550921	0.0352272402064	0.000920582107796
k__Bacteria;p__Firmicutes;c__Tissierellia	4.38999919004e-05	0.00138317302462	4.58399889571e-05	6.99999824256e-34	0.0	0.0	0.001023027685	0.0	0.0	0.0	3.78999976103e-05	1.10000016411e-13	0.0	5.94000022572e-05	7.71999806125e-05	0.000556716948949	3.36999926028e-29	0.0	0.000153416955356	1.94100023562e-05	3.9199996225e-05	0.000108000007301	0.0	0.000225810973736	7.41000220892e-05	0.0	0.000149899986986	0.000662406000994	0.0012959329512	4.72000012253e-05	8.30999997507e-05	0.00342378236542	3.43999898556e-05	0.000370782136266	0.000208484944352	0.00010959700822	0.00018229899183	9.54400452482e-05	0.000179687039421	0.000537535218226	0.000571655298673	0.000692255940874	0.000102399975731	0.00114749570359	0.000184692992882	0.000204855083666	0.00219778798769	0.0	0.00072333398119	0.000110324959388	0.0	0.000142649961612	0.0	9.18699817822e-05	3.93199921203e-05	0.000213479968394	0.0	0.000176598976671	0.000153130057473	5.96900069894e-05
k__Bacteria;p__Fusobacteria;c__Fusobacteriia	0.0	2.9100000518e-05	0.0	8.72999780823e-05	0.00143309001128	0.00225127005299	0.00512963242056	0.00871158912128	0.00538624468867	0.000449196918186	0.0157310730081	0.175645157005	0.000878612125642	0.0	0.00110884372153	0.000281835974155	0.0104154127138	0.0	0.000291560915156	4.42000053654e-06	6.63999936057e-06	0.0	0.000202305031963	0.0	9.65100287696e-05	0.0	0.0	0.0	0.0	0.0002349720061	0.0	0.0	0.0	1.75970064671e-05	0.0	0.0	0.0	0.0	0.0	0.0	1.26000065831e-05	0.0	0.0	5.71999852248e-06	0.0	0.0	0.0	0.0	2.90999992433e-06	8.43999689315e-06	0.0	2.61199929709e-05	0.000255605949885	5.49999890935e-06	2.63999947094e-06	0.00949434859435	0.0	1.30999982695e-05	5.04000188945e-06	5.58300065374e-06
k__Bacteria;p__Ignavibacteriae;c__Ignavibacteria	0.0	0.0	2.00999951579e-06	0.0	0.0	0.0	0.0	0.0	0.0	0.0	0.0	0.0	0.0	0.0	0.0	0.0	0.0	0.0	0.0	0.0	0.0	0.0	0.0	0.0	0.0	0.0	0.0	0.0	0.0	0.0	0.0	0.0	0.0	0.0	0.0	0.0	0.0	0.0	0.0	0.0	0.0	0.0	0.0	0.0	0.0	0.0	0.0	0.0	0.0	1.53999943311e-06	0.0	4.13999888589e-06	0.0	0.0	0.0	0.0	0.0	0.0	0.0	0.0
k__Bacteria;p__Nitrospirae;c__Nitrospira	0.0	0.0	0.0	0.0	0.0	0.0	0.0	0.0	0.0	0.0	0.0	0.0	0.0	0.0	0.0	0.0	0.0	0.0	0.0	0.0	0.0	0.0	0.0	0.0	0.0	0.0	0.0	0.0	0.0	0.0	0.0	0.0	0.0	0.0	0.0	0.0	0.0	0.0	3.97000087097e-06	0.0	0.0	0.0	0.0	0.0	0.0	0.0	0.0	0.0	0.0	0.0	0.0	0.0	0.0	0.0	0.0	0.0	0.0	0.0	0.0	0.0
k__Bacteria;p__Planctomycetes;c__Phycisphaerae	0.0	0.0	0.0	0.0	0.0	0.0	0.0	0.0	0.0	0.0	0.0	0.0	0.0	0.0	0.0	0.0	0.0	0.0	0.0	0.0	0.0	0.0	0.0	0.0	0.0	0.0	0.0	0.0	0.0	0.0	0.0	0.0	3.17999906223e-06	0.0	0.0	0.0	0.0	0.0	0.0	0.0	0.0	0.0	0.0	0.0	0.0	0.0	0.0	0.0	0.0	0.0	0.0	0.0	0.0	0.0	0.0	0.0	0.0	0.0	0.0	0.0
k__Bacteria;p__Planctomycetes;c__Planctomycetia	0.0	0.0	3.61999912794e-203	0.0	0.0	0.0	0.0	0.0	0.0	0.0	0.0	0.0	0.0	0.0	0.0	0.0	0.0	0.0	0.0	0.0	0.0	0.0	0.0	0.0	0.0	0.0	0.0	0.0	0.0	0.0	0.0	0.0	0.0	0.0	0.0	0.0	0.0	0.0	0.0	0.0	0.0	0.0	0.0	0.0	0.0	0.0	0.0	0.0	0.0	0.0	0.0	0.0	0.0	0.0	0.0	0.0	0.0	0.0	0.0	0.0
k__Bacteria;p__Proteobacteria;c__Alphaproteobacteria	3.86699928654e-06	0.0	1.62999960733e-06	0.0	0.0	0.0	4.4899986175e-06	0.0	5.79999966475e-17	0.0	3.91999975283e-131	4.72000070419e-289	0.0	0.0	7.97999799596e-06	1.48999986337e-06	8.66999809693e-06	0.0	4.7999986032e-06	0.0	0.0	0.0	0.0	0.0	6.83000203602e-118	3.71999998505e-24	0.0	0.0	0.0	0.0	3.12999999061e-06	7.9200008453e-06	0.0	4.41000162072e-06	0.0	0.0	5.23999976516e-06	7.76000367902e-07	5.96000130755e-06	3.61000146557e-06	7.17000374611e-06	0.0	3.79499910058e-06	9.28099760264e-05	6.9899997306e-06	0.0	2.23999998746e-06	0.0	0.0	3.03999888094e-06	0.0	2.00399946071e-05	4.84999904909e-126	2.81999944079e-06	1.76999964529e-06	0.0	0.0	0.0	1.44000053984e-06	0.0
k__Bacteria;p__Proteobacteria;c__Betaproteobacteria	2.34799956679e-05	0.000498136008867	2.91699929729e-05	0.000194195951245	0.00205696001619	0.000228100005369	0.00491356548708	0.00706568709835	0.000234168986465	0.00330049539887	0.000635981959899	0.000760707113491	0.00819152217139	0.000183441006971	0.00335315715791	0.0208221550906	0.10719794147	0.00264652206086	0.00108990968284	7.83700095235e-06	0.00032180496901	0.0	0.000514024081212	0.000414309951812	0.000148020044125	0.0131620419471	0.000645118943993	0.00447418500671	0.000386534985444	8.51000022092e-05	2.23999999328e-06	6.49100069278e-05	8.41499751846e-05	6.86600252332e-05	2.95699921073e-05	0.000227090017032	1.23759994454e-05	6.7800032144e-06	5.80400127332e-05	0.000151510061509	0.000196748102795	5.97099949003e-05	1.13309973146e-05	0.000615502841074	6.02099976795e-05	0.000176370072033	0.00013743399923	0.0	0.000249159995032	7.29300831537e-05	0.0	6.03999837459e-05	8.44799834373e-05	0.000104929979192	1.51999969539e-06	0.000922480613424	0.0	3.42699954729e-05	2.04600076703e-05	0.000255371029903
k__Bacteria;p__Proteobacteria;c__Deltaproteobacteria	2.47312954371e-05	0.0	6.94999832574e-06	8.61999783584e-23	0.0	0.0	1.56499951813e-05	0.0	0.0	0.0	0.0	0.0	0.0	0.0	4.08999897287e-05	0.0	0.0	0.0	0.000281660618037	0.0	0.0	0.0	0.0	0.000128314485076	0.0	0.0	3.60688968686e-05	0.0	0.0	0.00109674702847	2.54600001296e-05	1.02067710894e-05	1.37016059595e-05	2.24058982344e-05	6.00901839611e-05	5.5000004125e-06	0.0	1.97000656398e-05	0.000125498027533	0.0	0.00018714979778	0.000432353263073	1.22999970849e-06	1.74434954942e-05	7.07438972735e-05	0.0	4.31495997584e-05	0.0	1.10999997114e-05	0.000522355807715	0.0	5.12999861948e-06	0.0	0.000113789277436	7.47299850261e-05	0.0	0.0	0.000459847339253	7.29000273295e-05	2.41039028225e-05
k__Bacteria;p__Proteobacteria;c__Epsilonproteobacteria	0.0029886214486	0.00123646602201	0.0001955159529	0.00591769251429	0.0	0.000990489023316	0.000224476930882	0.0	0.000159449990784	0.000114546979137	0.0137957741301	0.000569877085021	0.0	2.48000009424e-05	0.00199077850005	0.00271613475093	0.00146641767812	0.0	0.000613576821449	6.45740078386e-05	0.000204120980343	0.00215719414583	5.60000093696e-05	5.34999937774e-59	0.000261473077945	0.0	0.00223494180597	0.00123104000185	0.00241364990911	0.00153524803986	0.00678506897964	0.0332326025469	0.00369093091156	0.00555436004128	0.000585937843605	0.00357855126839	0.00094877595748	0.000328634155806	0.000409109089753	0.000354666143986	0.00677371053906	0.000773140933966	0.00102639775674	0.00118336169433	0.000682850976383	0.00753241007636	0.00128091599283	0.0	0.00111859697091	0.000392411855549	0.000171965002408	0.00268012827876	6.07999880793e-05	0.000617928877554	0.000424154914999	0.00126014881343	0.0	0.000912191879497	0.00014631005485	0.0011759831377
k__Bacteria;p__Proteobacteria;c__Gammaproteobacteria	0.00321139560749	0.43764883279	0.00021598294797	0.0189591612424	0.88790055199	0.31179875734	0.402833560871	0.965711596443	0.182421207456	0.110715879835	0.693320195284	0.0523844018209	0.965631728085	0.0534911280327	0.0466815442767	0.184473079784	0.0813502311439	0.0011033290274	0.0156649154415	0.0922872952027	0.0710992061533	0.0344060213259	0.895081752421	0.842932756959	0.0120626755959	0.649658873408	0.0560856491309	0.0316475220475	0.0296675428828	0.0822117231342	9.42299997173e-05	0.0143431055309	0.0010134087014	0.0230237474615	4.91199868892e-05	0.000169040012678	0.00141127493675	0.00932151371937	4.35100095455e-05	0.00159937164931	0.000131090068491	0.115667545121	1.14609972837e-05	0.000250780935221	0.00100264576136	0.000628627256742	0.000640527996413	0.135539756999	0.00673648482737	0.000919735661436	8.8000001232e-05	0.0010854207079	0.981732151518	0.0029942594063	0.0148438274253	0.355855092317	0.220665977779	0.0284904832363	0.00104445559156	0.000953284111625
k__Bacteria;p__Proteobacteria;c__Oligoflexia	1.84999965867e-06	0.0	0.0	0.0	0.0	0.0	0.0	0.0	0.0	0.0	0.0	0.0	0.0	0.0	0.0	0.0	0.0	0.0	0.0	0.0	0.0	0.0	0.0	0.0	0.0	0.0	0.0	0.0	0.0	0.0	0.0	0.0	0.0	0.0	0.0	0.0	0.0	0.0	0.0	0.0	0.0	0.0	0.0	0.0	0.0	0.0	0.0	0.0	0.0	0.0	0.0	0.0	0.0	0.0	0.0	0.0	0.0	0.0	0.0	0.0
k__Bacteria;p__Spirochaetes;c__Spirochaetia	9.14399831293e-05	0.000613301010917	0.000279745932609	0.0	0.0	5.07000370935e-54	0.000303395906583	0.0	0.0	0.0	0.0	0.00251105737463	0.0	0.000247645009411	0.000234738941049	5.35099950931e-05	0.0	0.0	0.00106133269115	0.0	3.69999964369e-37	1.98000013385e-05	0.0	4.06999952662e-21	0.0	0.0	1.7899998446e-05	0.0	0.0	0.0010825200281	0.000570694998288	0.00116799612466	7.22999786791e-05	0.00226870483377	7.24499806621e-05	0.000622639046698	7.43299966688e-05	5.66400268531e-05	0.000230294050524	0.00010779004376	0.00077970040737	0.00126166389224	6.82399838271e-05	0.00193492350019	0.000747886971176	0.00012178704974	7.06999996041e-05	0.0	0.000216792994362	9.01999667965e-05	1.57000002198e-37	0.000255309931294	2.23999956082e-05	5.98499881427e-05	0.00066576786658	0.000363443946191	0.0	0.000718971905022	0.000480813180252	0.000164403019251
k__Bacteria;p__Synergistetes;c__Synergistia	4.33999919927e-74	0.0	7.55999817879e-06	0.0	0.0	0.0	1.21999962435e-05	0.0	0.0	0.0	0.0	0.0	0.0	0.0	0.0	0.0	0.0	0.0	0.0	0.0	0.0	0.0	0.0	0.000107839987457	4.45000132655e-06	0.0	0.000226979980295	0.0	0.0	0.000210493005464	4.85999998542e-05	7.80000083249e-05	2.8799991507e-05	2.27000083425e-05	9.59999743762e-05	0.0	0.0	3.63000172098e-05	9.17000201178e-05	2.6100010596e-06	6.55000342218e-05	0.000214322981695	1.58999962317e-06	1.24999967711e-05	0.000108903995803	0.00030106412296	5.17999997099e-06	0.0	8.959999767e-06	8.53999685634e-05	0.0	5.70999846339e-05	0.0	3.50999930397e-05	2.76999944489e-05	0.0	0.0	0.00020408497304	4.50000168701e-260	7.44000087119e-06
k__Bacteria;p__Tenericutes;c__Mollicutes	0.0	0.0	7.30999823902e-06	2.56999935477e-25	0.0	0.0	4.61999857748e-05	0.0	0.0	0.0	1.28999991866e-23	2.42000036104e-154	0.0	0.0	0.000137299965519	6.61999939294e-62	0.0	0.0	0.0	5.37000065186e-06	0.0	0.0	0.0	4.61999946265e-05	0.0	0.0	0.0	0.0	0.0	0.0	1.28999999613e-05	0.0	1.11999966972e-05	0.0	1.49699960043e-05	9.2200006915e-06	1.41999993636e-05	5.02000237998e-06	1.57000034444e-05	9.48000384865e-06	0.0	0.0	7.91999812296e-06	7.35999809885e-06	0.0	0.0	0.0	0.0	0.0	5.72999789073e-06	0.0	4.79999870828e-05	0.0	0.0	4.2399991503e-06	0.000127263981158	0.0	2.38999968428e-05	0.0	0.0
k__Bacteria;p__Thermotogae;c__Thermotogae	0.0	0.0	0.0	0.0	0.0	0.0	0.0	0.0	0.0	0.0	0.0	0.0	0.0	0.0	0.0	0.0	0.0	0.0	0.0	0.0	0.0	0.0	0.0	0.0	0.0	0.0	0.0	0.0	0.0	0.0	0.0	0.0	0.0	0.0	0.0	0.0	0.0	0.0	0.0	0.0	0.0	0.0	0.0	0.0	0.0	0.0	0.0	0.0	0.0	0.0	0.0	0.0	0.0	0.0	0.0	0.0	0.0	1.35999982034e-05	0.0	0.0
k__Bacteria;p__Verrucomicrobia;c__NA	0.0	0.0	0.0	0.0	0.0	0.0	0.0	0.0	0.0	0.0	0.0	0.0	0.0	0.0	0.0	0.0	0.0	0.0	0.0	0.0	0.0	0.0	0.0	0.0	0.0	0.0	0.0	0.0	0.0	0.0	0.0	0.0	0.0	0.0	0.0	0.0	0.0	0.0	0.0	0.0	0.0	0.0	0.0	0.0	0.0	0.0	0.0	0.0	0.0	1.2699995325e-06	0.0	0.0	0.0	0.0	0.0	0.0	0.0	0.0	0.0	0.0
k__Bacteria;p__Verrucomicrobia;c__Opitutae	0.0	0.0	0.0	0.0	0.0	0.0	0.0	0.0	0.0	0.0	0.0	0.0	0.0	0.0	0.0	0.0	0.0	0.0	0.0	0.0	0.0	0.0	0.0	0.0	0.0	0.0	0.0	0.0	0.0	0.0	0.0	0.0	0.0	0.0	0.0	0.0	0.0	0.0	0.0	0.0	0.0	0.0	0.0	0.0	0.0	0.0	0.0	0.0	0.0	8.5199968637e-07	0.0	0.0	0.0	0.0	0.0	0.0	0.0	0.0	0.0	0.0
k__Bacteria;p__Verrucomicrobia;c__Verrucomicrobiae	0.0	0.0	0.00167814759573	0.0	0.0	5.58000013135e-05	0.0	0.0	0.0	0.0	0.0	0.0	0.0	0.0	0.0	0.0	0.0	0.0	0.0116314556152	0.0	0.0	0.0	0.0	0.0	0.0	0.0	0.0	0.0	0.0	0.0879222792825	0.0948049767156	0.00371704939672	0.0	9.37000344357e-05	4.15999888964e-06	0.00011012700826	0.0547498985463	0.000128000060685	0.11992587931	0.0168768538516	0.002574314345	0.0102718871227	0.0	0.534718618878	0.000482263981413	0.159287883056	0.00137889499228	0.0	0.0	0.0535014133056	0.0	0.0	0.0	0.00244087951597	0.0	0.0	0.0	0.0280549582939	3.74000140209e-06	0.00128382015033