# Constructed from biom file
SM030818-1	SM030818-24	SM030818-33	SM030818-62	SM030818-66	SM030818-91	SM030818-92	SM030818-93	SM030818-94	SM030818-95	SM030818-96	SM030818-97	SM030818-98	SM030818-99	SM030818-100	SM030818-101	SM030818-102	SM030818-103	SM030818-104	SM030818-105	SM030818-106	SM030818-107	SM030818-108	SM030818-109	SM030818-110	SM030818-111	SM030818-121	SM030818-126	SM030818-128	SM030818-130	SM030818-131	SM030818-132	SM030818-133	SM030818-134	SM030818-135	SM030818-136	SM030818-138	SM030818-139	SM030818-140	SM030818-141	SM030818-142	SM030818-143	SM030818-144	SM030818-145	SM030818-146	SM030818-147	SM030818-148	SM111418-7	SM111418-12	SM111418-44	SM111418-52	SM111418-59	SM111418-94	SM111418-113	SM071219-60	SM071219-66	SM071219-71	SM071219-89	SM071219-92	SM071219-95
k__Bacteria;p__Acidobacteria	1.87999965314e-06	0.0	0.0	0.0	0.0	0.0	0.0	0.0	0.0	0.0	0.0	0.0	0.0	0.0	0.0	0.0	0.0	0.0	0.0	0.0	0.0	0.0	0.0	0.0	0.0	0.0	0.0	0.0	0.0	0.0	2.06999999379e-06	0.0	0.0	0.0	0.0	0.0	0.0	0.0	0.0	0.0	0.0	0.0	0.0	0.0	0.0	0.0	0.0	0.0	0.0	0.0	0.0	0.0	0.0	0.0	0.0	0.0	0.0	0.0	0.0	0.0
k__Bacteria;p__Actinobacteria	0.139572364249	0.0314840285604	0.0012714836937	0.573943553104	0.0177203041395	0.00620043614596	0.0786424961855	0.00160500902234	0.00208599987943	0.0036160413414	0.00314546880167	0.306388756712	0.000812615116204	0.051159007944	0.00254987835965	0.0646218980746	0.548722025555	0.294933227783	0.16928007074	0.00561215768202	0.0089116754418	0.501252405885	0.000319871050584	0.00808001306022	0.0135890470509	0.0	0.0326705161637	0.0394320960591	0.0575831344315	0.0701810158219	0.246105186262	0.0342719676578	0.00799105664348	0.271593108813	0.321809477105	0.147535762065	0.748931345452	0.919542363955	0.36839167082	0.702105548158	0.0537012210573	0.270264699917	0.148668008766	0.289793970161	0.783112587818	0.104997999264	0.408412111713	0.00165979799999	0.098984264426	0.03382236855	0.000190762002671	0.259221404349	0.00069734186328	0.0785340204267	0.138121234321	0.218949738584	0.0272133979728	0.0882549763413	0.0233116704393	0.00650306176577
k__Bacteria;p__Aquificae	0.0	0.0	0.0	0.0	0.0	0.0	0.0	0.0	0.0	0.0	1.0799999319e-83	0.0	0.0	0.0	0.0	0.0	0.0	0.0	0.0	0.0	0.0	0.0	0.0	0.0	0.0	0.0	0.0	0.0	0.0	0.0	0.0	0.0	0.0	0.0	0.0	0.0	0.0	0.0	0.0	0.0	0.0	0.0	0.0	0.0	0.0	0.0	0.0	0.0	0.0	0.0	0.0	0.0	0.0	0.0	0.0	0.0	0.0	0.0	0.0	0.0
k__Bacteria;p__Bacteroidetes	0.589176678296	0.281334503008	0.948867307318	0.00523409368592	0.048740351423	0.00208198004901	0.281665968873	0.00122250301702	0.747793032577	0.813748239923	0.00174662888987	0.00782395416727	0.00799912914388	0.841144549963	0.000771435806267	0.46881364701	0.00044778990171	0.648267096908	0.511382035188	0.892937042393	0.879846762271	0.258057901445	8.45000133906e-05	8.16999904975e-05	0.853737191499	0.288522734841	0.70109425145	0.836717895755	0.00176761693347	0.674563973552	0.54996937035	0.392218215861	0.820334963087	0.00066931524598	0.495640620706	0.561498683112	0.0153868773104	0.00278341131962	0.206749087358	0.0108295723965	0.0269209620654	0.330903424738	0.0115363702659	0.0111785591125	0.0803375869037	0.178828887037	0.113674996363	0.00230314899998	0.454500128181	0.862472017515	0.980315400724	0.362665648404	0.000930984817469	0.578693165245	0.510447306706	0.0245739493618	0.0914246909086	0.677471815507	0.683549702256	0.869978397871
k__Bacteria;p__Candidatus Cloacimonetes	0.0	0.0	0.0	0.0	0.0	0.0	0.0	0.0	0.0	0.0	0.0	0.0	0.0	0.0	0.0	4.76999956259e-06	0.0	0.0	0.0	0.0	0.0	0.0	0.0	0.0	0.0	0.0	0.0	0.0	0.0	0.0	0.0	0.0	0.0	0.0	0.0	0.0	0.0	0.0	0.0	0.0	0.0	0.0	0.0	0.0	0.0	0.0	0.0	0.0	0.0	0.0	0.0	0.0	0.0	0.0	0.0	0.0	0.0	0.0	0.0	0.0
k__Bacteria;p__Candidatus Saccharibacteria	0.0	0.0	0.0	0.0	0.0	0.0	9.12999718882e-06	0.0	0.0	0.0	0.0	0.000116402017366	0.0	0.0	7.04999822951e-05	0.0	4.49999901225e-05	0.0	0.0	0.0	0.0	0.0	0.0	0.000122991985695	0.0	0.0	0.0	0.0	0.0	0.0	0.0	0.0	0.0	0.0	0.0	2.19000016425e-05	3.2399998548e-05	4.99000236576e-06	0.0	1.26000051153e-05	0.0	0.0	0.0	0.0	0.0	0.0	5.25999997054e-05	0.0	0.0	0.0	0.0	0.0	0.000361642929095	0.0	0.0	0.0	0.0	0.0	0.0	0.0
k__Bacteria;p__Chlorobi	2.37999956089e-06	0.0	0.0	0.0	0.0	0.0	0.0	0.0	0.0	0.0	0.0	0.0	0.0	0.0	0.0	0.0	0.0	0.0	0.0	0.0	0.0	0.0	0.0	0.0	0.0	0.0	0.0	0.0	0.0	0.0	0.0	0.0	0.0	0.0	0.0	0.0	0.0	0.0	0.0	0.0	0.0	0.0	0.0	0.0	0.0	0.0	6.39222146431e-311	0.0	0.0	0.0	0.0	0.0	0.0	0.0	0.0	0.0	0.0	0.0	0.0	0.0
k__Bacteria;p__Chloroflexi	0.0	0.0	0.0	0.0	0.0	0.0	0.0	0.0	0.0	0.0	0.0	1.79000026705e-290	0.0	0.0	0.0	0.0	0.0	0.0	0.0	0.0	0.0	0.0	0.0	0.0	0.0	0.0	0.0	0.0	0.0	0.0	0.0	0.0	0.0	0.0	0.0	0.0	0.0	0.0	0.0	0.0	0.0	0.0	0.0	0.0	3.22999987551e-06	0.0	0.0	0.0	0.0	0.0	0.0	0.0	0.0	0.0	0.0	0.0	0.0	0.0	0.0	0.0
k__Bacteria;p__Coprothermobacterota	0.0	0.0	0.0	0.0	0.0	0.0	0.0	0.0	0.0	0.0	0.0	0.0	0.0	0.0	0.0	0.0	0.0	0.0	0.0	0.0	0.0	0.0	0.0	0.0	0.0	0.0	0.0	0.0	0.0	0.0	0.0	0.0	0.0	0.0	0.0	0.0	0.0	0.0	1.1400002501e-05	0.0	0.0	0.0	0.0	0.0	0.0	0.0	0.0	0.0	0.0	0.0	0.0	0.0	0.0	0.0	0.0	0.0	0.0	0.0	0.0	0.0
k__Bacteria;p__Cyanobacteria	1.60999970295e-06	0.0	0.0	0.0	0.0	0.0	3.61999888538e-06	0.0	0.0	0.0	0.0	0.0	0.0	0.0	0.0	0.0	0.0	0.0	0.0	0.0	0.0	0.0	0.0	0.0	0.0	0.0	0.0	0.0	0.0	0.0	0.0	0.0	0.0	0.0	0.0	0.0	0.0	0.0	0.0	5.42000220039e-06	0.0	0.0	0.0	2.64999931548e-06	0.0	7.62000311214e-06	0.0	0.0	0.0	0.0	0.0	5.30999857104e-06	0.0	0.0	0.0	0.0	0.0	0.0	0.0	0.0
k__Bacteria;p__Deferribacteres	0.0	0.0	0.0	0.0	0.0	0.0	0.0	0.0	0.0	0.0	0.0	0.0	0.0	0.0	0.0	0.0	0.0	0.0	0.0	0.0	0.0	0.0	0.0	0.0	0.0	0.0	0.0	0.0	0.0	0.0	0.0	0.0	0.0	0.0	0.0	0.0	0.0	0.0	0.0	3.52000142904e-06	0.0	0.0	0.0	0.0	0.0	0.0	0.0	0.0	0.0	0.0	0.0	0.0	0.0	0.0	0.0	0.0	0.0	0.0	0.0	0.0
k__Bacteria;p__Deinococcus-Thermus	3.68999931919e-06	0.0	0.0	0.0	0.0	0.0	0.0	0.0	0.0	0.0	0.0	0.0	0.0	0.0	0.0	0.0	0.0	0.0	0.0	0.0	0.0	0.0	0.0	0.0	0.0	0.0	0.0	0.0	0.000824885968936	0.0	0.0	1.21100012925e-05	0.0	8.22000302093e-06	2.9799992046e-06	0.0	9.2399995859e-05	9.90500469597e-06	1.91600042035e-05	2.1420008696e-05	2.66000138977e-05	6.099999479e-05	1.05699974949e-05	0.00389478099395	9.16999964658e-06	0.000114900046927	7.24299995944e-05	0.0	0.0	1.14999957667e-06	0.0	3.86999895855e-06	0.0	0.0	0.0	0.0	0.0	0.0	0.0	0.0
k__Bacteria;p__Elusimicrobia	0.0	0.0	0.0	0.0	0.0	0.0	0.0	0.0	0.0	0.0	0.0	0.0	0.0	0.0	0.0	3.19014270746e-127	0.0	0.0	0.0	0.0	0.0	0.0	0.0	0.0	0.0	0.0	0.0	0.0	0.0	0.0	0.0	0.0	0.0	0.0	0.0	0.0	0.0	0.0	0.0	0.0	0.0	0.0	0.0	0.0	0.0	0.0	0.0	0.0	0.0	0.0	0.0	9.06999755919e-40	0.0	0.0	0.0	0.0	0.0	0.0	0.0	0.0
k__Bacteria;p__Firmicutes	0.264896012127	0.247155632599	0.0474371865726	0.395664003524	0.0421487424198	0.676393167382	0.226195613354	0.0156836152982	0.0619198964222	0.0680555996048	0.271624877927	0.453799686704	0.0164863933576	0.0537494280425	0.943052943301	0.258211479322	0.250346511549	0.0530498242205	0.288698682289	0.00908130371241	0.0396097901856	0.204106677198	0.103741547392	0.148085873586	0.120100632702	0.0486563498045	0.20698857363	0.0864972611297	0.907356634889	0.0808759280995	0.101576072695	0.520875916093	0.166756309109	0.696653070627	0.181634624233	0.286221487467	0.178340881807	0.0677559656663	0.303919021289	0.267916027672	0.908623233558	0.270090252042	0.838653086239	0.15629101842	0.133374929697	0.548002452015	0.474228819344	0.860497296001	0.438171602606	0.0480991452942	0.0192338722693	0.373861978391	0.0158545929547	0.336397757292	0.335385108789	0.388453533789	0.660695933339	0.175347800536	0.291363468439	0.11964855201
k__Bacteria;p__Fusobacteria	0.0	2.9100000518e-05	0.0	8.72999780823e-05	0.00143309001128	0.00225127005299	0.00512963242056	0.00871158912128	0.00538624468867	0.000449196918186	0.0157310730081	0.175645157005	0.000878612125642	0.0	0.00110884372153	0.000281835974155	0.0104154127138	0.0	0.000291560915156	4.42000053654e-06	6.63999936057e-06	0.0	0.000202305031963	0.0	9.65100287696e-05	0.0	0.0	0.0	0.0	0.0002349720061	0.0	0.0	0.0	1.75970064671e-05	0.0	0.0	0.0	0.0	0.0	0.0	1.26000065831e-05	0.0	0.0	5.71999852248e-06	0.0	0.0	0.0	0.0	2.90999992433e-06	8.43999689315e-06	0.0	2.61199929709e-05	0.000255605949885	5.49999890935e-06	2.63999947094e-06	0.00949434859435	0.0	1.30999982695e-05	5.04000188945e-06	5.58300065374e-06
k__Bacteria;p__Ignavibacteriae	0.0	0.0	2.00999951579e-06	0.0	0.0	0.0	0.0	0.0	0.0	0.0	0.0	0.0	0.0	0.0	0.0	0.0	0.0	0.0	0.0	0.0	0.0	0.0	0.0	0.0	0.0	0.0	0.0	0.0	0.0	0.0	0.0	0.0	0.0	0.0	0.0	0.0	0.0	0.0	0.0	0.0	0.0	0.0	0.0	0.0	0.0	0.0	0.0	0.0	0.0	1.53999943311e-06	0.0	4.13999888589e-06	0.0	0.0	0.0	0.0	0.0	0.0	0.0	0.0
k__Bacteria;p__Nitrospirae	0.0	0.0	0.0	0.0	0.0	0.0	0.0	0.0	0.0	0.0	0.0	0.0	0.0	0.0	0.0	0.0	0.0	0.0	0.0	0.0	0.0	0.0	0.0	0.0	0.0	0.0	0.0	0.0	0.0	0.0	0.0	0.0	0.0	0.0	0.0	0.0	0.0	0.0	3.97000087097e-06	0.0	0.0	0.0	0.0	0.0	0.0	0.0	0.0	0.0	0.0	0.0	0.0	0.0	0.0	0.0	0.0	0.0	0.0	0.0	0.0	0.0
k__Bacteria;p__Planctomycetes	0.0	0.0	3.61999912794e-203	0.0	0.0	0.0	0.0	0.0	0.0	0.0	0.0	0.0	0.0	0.0	0.0	0.0	0.0	0.0	0.0	0.0	0.0	0.0	0.0	0.0	0.0	0.0	0.0	0.0	0.0	0.0	0.0	0.0	3.17999906223e-06	0.0	0.0	0.0	0.0	0.0	0.0	0.0	0.0	0.0	0.0	0.0	0.0	0.0	0.0	0.0	0.0	0.0	0.0	0.0	0.0	0.0	0.0	0.0	0.0	0.0	0.0	0.0
k__Bacteria;p__Proteobacteria	0.00625394534614	0.439383434821	0.000449248891776	0.0250710497079	0.889957512006	0.313017346368	0.407991743282	0.972777283541	0.182814826433	0.114130922213	0.707751951374	0.0537149860194	0.973823250257	0.0536993690406	0.0520743599224	0.208012859625	0.19002326029	0.00374985108826	0.0176548625624	0.0923597062115	0.0716251321027	0.0365632154717	0.895651776512	0.843475381396	0.012472168718	0.662820915355	0.0590017787777	0.037352747056	0.0324677277773	0.0849288182048	0.00691012897947	0.0476587448567	0.00480219119411	0.0286735834278	0.000724718006562	0.00398018129851	0.00237766689344	0.0096774039444	0.000642117140872	0.00210915785627	0.00729586851187	0.116932749313	0.00105421475015	0.00215989894214	0.00182344063242	0.00833740740514	0.00210426758822	0.135539756999	0.00811534179303	0.00191047340673	0.00025996500364	0.00385111896363	0.98187743149	0.00383372753992	0.0153460023247	0.358037721744	0.220665977779	0.0298967924506	0.00128556568195	0.00240874218205
k__Bacteria;p__Spirochaetes	9.14399831293e-05	0.000613301010917	0.000279745932609	0.0	0.0	5.07000370935e-54	0.000303395906583	0.0	0.0	0.0	0.0	0.00251105737463	0.0	0.000247645009411	0.000234738941049	5.35099950931e-05	0.0	0.0	0.00106133269115	0.0	3.69999964369e-37	1.98000013385e-05	0.0	4.06999952662e-21	0.0	0.0	1.7899998446e-05	0.0	0.0	0.0010825200281	0.000570694998288	0.00116799612466	7.22999786791e-05	0.00226870483377	7.24499806621e-05	0.000622639046698	7.43299966688e-05	5.66400268531e-05	0.000230294050524	0.00010779004376	0.00077970040737	0.00126166389224	6.82399838271e-05	0.00193492350019	0.000747886971176	0.00012178704974	7.06999996041e-05	0.0	0.000216792994362	9.01999667965e-05	1.57000002198e-37	0.000255309931294	2.23999956082e-05	5.98499881427e-05	0.00066576786658	0.000363443946191	0.0	0.000718971905022	0.000480813180252	0.000164403019251
k__Bacteria;p__Synergistetes	4.33999919927e-74	0.0	7.55999817879e-06	0.0	0.0	0.0	1.21999962435e-05	0.0	0.0	0.0	0.0	0.0	0.0	0.0	0.0	0.0	0.0	0.0	0.0	0.0	0.0	0.0	0.0	0.000107839987457	4.45000132655e-06	0.0	0.000226979980295	0.0	0.0	0.000210493005464	4.85999998542e-05	7.80000083249e-05	2.8799991507e-05	2.27000083425e-05	9.59999743762e-05	0.0	0.0	3.63000172098e-05	9.17000201178e-05	2.6100010596e-06	6.55000342218e-05	0.000214322981695	1.58999962317e-06	1.24999967711e-05	0.000108903995803	0.00030106412296	5.17999997099e-06	0.0	8.959999767e-06	8.53999685634e-05	0.0	5.70999846339e-05	0.0	3.50999930397e-05	2.76999944489e-05	0.0	0.0	0.00020408497304	4.50000168701e-260	7.44000087119e-06
k__Bacteria;p__Tenericutes	0.0	0.0	7.30999823902e-06	2.56999935477e-25	0.0	0.0	4.61999857748e-05	0.0	0.0	0.0	1.28999991866e-23	2.42000036104e-154	0.0	0.0	0.000137299965519	6.61999939294e-62	0.0	0.0	0.0	5.37000065186e-06	0.0	0.0	0.0	4.61999946265e-05	0.0	0.0	0.0	0.0	0.0	0.0	1.28999999613e-05	0.0	1.11999966972e-05	0.0	1.49699960043e-05	9.2200006915e-06	1.41999993636e-05	5.02000237998e-06	1.57000034444e-05	9.48000384865e-06	0.0	0.0	7.91999812296e-06	7.35999809885e-06	0.0	0.0	0.0	0.0	0.0	5.72999789073e-06	0.0	4.79999870828e-05	0.0	0.0	4.2399991503e-06	0.000127263981158	0.0	2.38999968428e-05	0.0	0.0
k__Bacteria;p__Thermotogae	0.0	0.0	0.0	0.0	0.0	0.0	0.0	0.0	0.0	0.0	0.0	0.0	0.0	0.0	0.0	0.0	0.0	0.0	0.0	0.0	0.0	0.0	0.0	0.0	0.0	0.0	0.0	0.0	0.0	0.0	0.0	0.0	0.0	0.0	0.0	0.0	0.0	0.0	0.0	0.0	0.0	0.0	0.0	0.0	0.0	0.0	0.0	0.0	0.0	0.0	0.0	0.0	0.0	0.0	0.0	0.0	0.0	1.35999982034e-05	0.0	0.0
k__Bacteria;p__Verrucomicrobia	0.0	0.0	0.00167814759573	0.0	0.0	5.58000013135e-05	0.0	0.0	0.0	0.0	0.0	0.0	0.0	0.0	0.0	0.0	0.0	0.0	0.0116314556152	0.0	0.0	0.0	0.0	0.0	0.0	0.0	0.0	0.0	0.0	0.0879222792825	0.0948049767156	0.00371704939672	0.0	9.37000344357e-05	4.15999888964e-06	0.00011012700826	0.0547498985463	0.000128000060685	0.11992587931	0.0168768538516	0.002574314345	0.0102718871227	0.0	0.534718618878	0.000482263981413	0.159287883056	0.00137889499228	0.0	0.0	0.0535035353048	0.0	0.0	0.0	0.00244087951597	0.0	0.0	0.0	0.0280549582939	3.74000140209e-06	0.00128382015033