# Constructed from biom file
SM030818-1	SM030818-24	SM030818-33	SM030818-62	SM030818-66	SM030818-91	SM030818-92	SM030818-93	SM030818-94	SM030818-95	SM030818-96	SM030818-97	SM030818-98	SM030818-99	SM030818-100	SM030818-101	SM030818-102	SM030818-103	SM030818-104	SM030818-105	SM030818-106	SM030818-107	SM030818-108	SM030818-109	SM030818-110	SM030818-111	SM030818-121	SM030818-126	SM030818-128	SM030818-130	SM030818-131	SM030818-132	SM030818-133	SM030818-134	SM030818-135	SM030818-136	SM030818-138	SM030818-139	SM030818-140	SM030818-141	SM030818-142	SM030818-143	SM030818-144	SM030818-145	SM030818-146	SM030818-147	SM030818-148	SM111418-7	SM111418-12	SM111418-44	SM111418-52	SM111418-59	SM111418-94	SM111418-113	SM071219-60	SM071219-66	SM071219-71	SM071219-89	SM071219-92	SM071219-95
k__Bacteria;p__Acidobacteria;c__Acidobacteriia;o__Acidobacteriales	1.87999965314e-06	0.0	0.0	0.0	0.0	0.0	0.0	0.0	0.0	0.0	0.0	0.0	0.0	0.0	0.0	0.0	0.0	0.0	0.0	0.0	0.0	0.0	0.0	0.0	0.0	0.0	0.0	0.0	0.0	0.0	2.06999999379e-06	0.0	0.0	0.0	0.0	0.0	0.0	0.0	0.0	0.0	0.0	0.0	0.0	0.0	0.0	0.0	0.0	0.0	0.0	0.0	0.0	0.0	0.0	0.0	0.0	0.0	0.0	0.0	0.0	0.0
k__Bacteria;p__Actinobacteria;c__Acidimicrobiia;o__Acidimicrobiales	0.0	0.0	0.0	0.0	0.0	0.0	0.0	0.0	0.0	0.0	0.0	0.0	0.0	0.0	0.0	0.0	0.0	0.0	0.0	0.0	0.0	0.0	0.0	0.0	0.0	0.0	0.0	0.0	0.0	0.0	0.0	0.0	0.0	0.0	0.0	0.0	0.0	0.0	0.0	0.0	0.0	0.0	0.0	5.70999852506e-06	0.0	0.0	0.0	0.0	0.0	0.0	0.0	0.0	0.0	0.0	0.0	0.0	0.0	0.0	0.0	0.0
k__Bacteria;p__Actinobacteria;c__Actinomycetia;o__Actinomycetales	3.62199933174e-05	9.73000017319e-05	3.17999923394e-06	0.000192640951635	0.0	0.0	2.92999909784e-05	0.00064084100892	9.10999947343e-05	0.0	0.000113099992869	0.000134800020111	0.0	5.94000022572e-237	0.000243270938907	9.59599912004e-05	0.000119099973857	0.0	3.81999888838e-05	3.27000039694e-06	0.00011900798854	0.0	0.0	0.000138022983947	0.000123200036727	0.0	3.20999972132e-05	0.0	6.23999976501e-23	0.000132100003429	4.6999999859e-05	7.95600084914e-05	5.23499845625e-05	3.47300127636e-05	3.40299909169e-05	4.5800003435e-05	0.000175310992143	3.94280186928e-05	1.56900034422e-05	0.000205860083574	0.000772653403688	0.000419886964137	0.00017253095911	0.000125769967513	0.000102639996044	6.15800251503e-05	0.000347835998052	0.000513516999996	5.65899985284e-05	1.33299950931e-05	0.000190762002671	5.4059985452e-05	0.000348441931683	3.56999929207e-05	9.12999817035e-06	0.000472252930082	0.0	0.000171599977331	0.0	8.93000104566e-06
k__Bacteria;p__Actinobacteria;c__Actinomycetia;o__Actinopolysporales	0.0	0.0	0.0	0.0	0.0	0.0	0.0	0.0	0.0	0.0	0.0	0.0	0.0	0.0	0.0	0.0	0.0	0.0	0.0	0.0	0.0	0.0	0.0	0.0	0.0	0.0	0.0	0.0	0.0	0.0	0.0	0.0	0.0	0.0	0.0	0.0	0.0	0.0	0.0	0.0	0.0	0.0	0.0	0.0	0.0	0.0	0.0	0.0	1.50999996073e-138	0.0	0.0	0.0	0.0	0.0	0.0	0.0	0.0	0.0	0.0	0.0
k__Bacteria;p__Actinobacteria;c__Actinomycetia;o__Bifidobacteriales	0.133664058339	0.0288107825128	0.000459808889232	0.573238446281	0.0163386141286	0.00548539712913	0.062613327121	8.64000012027e-26	0.000482534972109	0.000942145828406	4.22999973328e-67	0.264674074489	0.000466483066707	0.0412183835663	0.000451205886696	0.0504110573777	0.547729876773	0.294588917775	0.163973721284	0.00367514744689	0.00642605068117	0.49674153358	0.000105500016668	0.00263017369409	0.000895266266879	0.0	0.00614368746663	0.00148799900223	0.00882639526761	0.0571839904845	0.238345493285	0.00731216978042	0.000491895854942	0.25422430143	0.314463282066	0.139047835429	0.703202725501	0.905247475178	0.332580292964	0.653072387252	0.00750903892325	0.24622257597	0.147218721109	0.209568964884	0.772113050242	0.00306772263391	0.380723317868	0.0	0.0969943314777	0.0284146645406	0.0	0.243526462573	3.72999926875e-05	0.0683030124555	0.131319971683	0.2168145539	0.0	0.0842415828715	0.0217391248498	0.00583010868697
k__Bacteria;p__Actinobacteria;c__Actinomycetia;o__Candidatus Nanopelagicales	0.0	0.0	0.0	0.0	0.0	0.0	0.0	0.0	0.0	0.0	0.0	0.0	0.0	0.0	0.0	0.0	0.0	0.0	0.0	0.0	0.0	0.0	0.0	0.0	0.0	0.0	0.0	0.0	0.0	0.0	0.0	0.0	0.0	0.0	0.0	0.0	0.0	0.0	0.0	0.0	0.0	0.0	0.0	9.06999765714e-06	0.0	0.0	0.0	0.0	0.0	0.0	0.0	0.0	0.0	0.0	0.0	0.0	0.0	0.0	0.0	0.0
k__Bacteria;p__Actinobacteria;c__Actinomycetia;o__Catenulisporales	0.0	0.0	0.0	0.0	0.0	0.0	0.0	0.0	0.0	0.0	0.0	0.0	0.0	0.0	0.0	0.0	0.0	0.0	0.0	0.0	0.0	0.0	0.0	0.0	0.0	0.0	0.0	0.0	0.0	0.0	0.0	0.0	0.0	0.0	0.0	0.0	0.0	0.0	0.0	8.5000034508e-07	0.0	0.0	0.0	0.0	0.0	0.0	0.0	0.0	0.0	0.0	0.0	0.0	0.0	0.0	0.0	0.0	0.0	0.0	0.0	0.0
k__Bacteria;p__Actinobacteria;c__Actinomycetia;o__Corynebacteriales	1.49999972325e-06	1.03000001833e-96	0.0	0.0	0.0	0.0	5.74999822954e-06	0.0	0.0	0.0	0.0	4.98000074298e-36	0.0	0.0	0.0	0.0	0.0	0.0	0.0	1.4400001748e-21	0.0	2.41000016758e-05	8.3200013145e-05	0.0	0.0	0.0	0.0	0.00020699200031	0.0	0.0	0.0	1.55000016543e-05	2.31999931584e-06	0.0	0.0	4.1400003105e-32	1.48999993322e-06	2.42000114732e-16	4.45000097627e-275	8.74000354823e-06	4.17400218079e-05	7.13699939043e-05	2.20999947623e-06	3.08799920234e-05	1.01399996092e-05	0.0	0.0	0.0	3.75999990222e-82	2.15999920488e-27	0.0	1.46919960463e-05	1.08999978629e-15	3.74999925637e-06	1.21999975551e-05	0.0	0.0	0.0	5.9500022306e-06	0.0
k__Bacteria;p__Actinobacteria;c__Actinomycetia;o__Frankiales	0.0	0.0	0.0	0.0	0.0	0.0	0.0	0.0	0.0	0.0	0.0	0.0	0.0	0.0	0.0	0.0	0.0	0.0	0.0	0.0	0.0	0.0	0.0	0.0	0.0	0.0	0.0	0.0	0.0	0.0	0.0	0.0	0.0	0.0	0.0	0.0	0.0	0.0	0.0	0.0	0.0	2.85999975573e-06	0.0	0.0	0.0	0.0	0.0	0.0	0.0	0.0	0.0	0.0	0.0	0.0	0.0	0.0	0.0	0.0	0.0	0.0
k__Bacteria;p__Actinobacteria;c__Actinomycetia;o__Micrococcales	1.95299963967e-05	6.65000011837e-05	6.42999845101e-06	2.2599994326e-05	0.00138169001088	6.56000015442e-05	9.87999695789e-05	0.0	0.0	6.00999890538e-05	0.00100183793683	3.63000054157e-05	0.000142398020363	0.0	0.000840554788909	3.03999972123e-06	0.00049626389107	0.0	0.000107299968776	0.0	8.07999922189e-06	2.500000169e-05	0.0	0.0	0.000237076070672	0.0	0.0	0.0	0.0	0.000145664003781	0.000107859999676	3.12000033308e-05	1.38699959098e-05	0.000160200058875	2.44999934606e-05	4.1000003075e-05	4.68399979008e-05	3.11000147445e-05	0.00012571202758	1.9250007815e-05	4.1120021484e-05	7.26699937933e-05	5.82899861853e-05	3.88899899544e-05	2.06099992057e-05	8.10700331104e-05	0.000652975996343	0.000691977999995	0.000131820996572	2.66999901715e-05	0.0	0.000106019971469	0.000217599957337	6.20099877034e-05	2.55999948698e-06	0.000682721898921	0.0	0.000154547979584	0.000110090041272	3.00900035234e-05
k__Bacteria;p__Actinobacteria;c__Actinomycetia;o__Micromonosporales	1.27999976384e-06	0.0	0.0	0.0	0.0	0.0	0.0	0.0	0.0	0.0	0.0	0.0	0.0	0.0	0.0	0.0	0.0	0.0	0.0	0.0	0.0	0.0	0.0	0.0	0.0	0.0	0.0	0.0	0.0	0.0	0.0	0.0	0.0	0.0	0.0	0.0	0.0	0.0	0.0	0.0	0.0	0.0	0.0	0.0	0.0	0.0	0.0	0.0	0.0	0.0	0.0	0.0	0.0	0.0	0.0	0.0	0.0	0.0	0.0	0.0
k__Bacteria;p__Actinobacteria;c__Actinomycetia;o__Propionibacteriales	2.27899957953e-05	0.000294143005236	2.55899938354e-05	0.000362174909072	0.0	0.000649439015288	2.65999918097e-05	0.000964168013421	0.000544551968526	0.000272321950401	0.000155490990196	3.26000048637e-05	0.000203734029134	2.1500000817e-05	0.000968246756841	2.55999976525e-05	0.000216784952416	0.000344310007918	0.0	1.40000016994e-06	7.2699992999e-06	4.5000003042e-05	0.000131171020771	0.0	1.90000056639e-05	0.0	1.40999987759e-05	0.000564917000847	0.000479555981941	9.35000024273e-06	8.07999997576e-06	0.0	1.58199953348e-05	9.58000352075e-06	4.40999882291e-06	1.82200013665e-05	1.65199992596e-05	1.51200071684e-05	0.000143860031561	3.57000144933e-05	0.000258067134832	8.01199931569e-05	3.8999990757e-06	0.000292842924356	6.54999974756e-06	3.920001601e-05	2.68799998495e-05	0.000454302999997	4.96999987076e-05	0.000186427931374	0.0	3.95999893433e-05	5.2699989669e-05	2.53599949711e-05	2.31499953607e-05	0.000218431967661	0.0	4.51699940329e-05	2.05000076853e-05	0.0
k__Bacteria;p__Actinobacteria;c__Actinomycetia;o__Pseudonocardiales	0.0	0.0	1.05999974465e-06	0.0	0.0	0.0	0.0	0.0	0.0	0.0	0.0	0.0	0.0	0.0	0.0	0.0	0.0	0.0	0.0	0.0	0.0	0.0	0.0	0.0	0.0	0.0	0.0	0.0	0.0	0.0	0.0	0.0	0.0	0.0	0.0	0.0	0.0	4.94000234206e-07	0.0	0.0	0.0	3.18999972754e-47	0.0	0.0	0.0	0.0	0.0	0.0	0.0	0.0	0.0	0.0	0.0	0.0	0.0	0.0	0.0	0.0	0.0	0.0
k__Bacteria;p__Actinobacteria;c__Actinomycetia;o__Streptomycetales	8.67999839853e-07	0.0	0.0	0.0	0.0	0.0	0.0	0.0	0.0	0.0	0.0	0.0	0.0	0.0	0.0	0.0	0.0	0.0	0.0	0.0	0.0	0.0	0.0	0.0	0.0	0.0	0.0	0.0	0.0	0.0	1.37999999586e-06	0.0	0.0	0.0	0.0	0.0	0.0	0.0	0.0	0.0	0.0	6.19999947046e-06	0.0	0.0	0.0	0.0	1.82999998975e-06	0.0	0.0	7.95999706984e-07	0.0	0.0	0.0	0.0	0.0	0.0	0.0	0.0	0.0	0.0
k__Bacteria;p__Actinobacteria;c__Actinomycetia;o__Streptosporangiales	0.0	0.0	0.0	0.0	0.0	0.0	0.0	0.0	0.0	0.0	0.0	0.0	0.0	0.0	0.0	0.0	0.0	0.0	0.0	0.0	0.0	0.0	0.0	0.0	0.0	0.0	0.0	0.0	0.0	0.0	0.0	0.0	0.0	0.0	0.0	0.0	0.0	0.0	0.0	0.0	0.0	0.0	0.0	7.70999800844e-15	0.0	0.0	0.0	0.0	0.0	0.0	0.0	0.0	0.0	0.0	0.0	0.0	0.0	0.0	0.0	0.0
k__Bacteria;p__Actinobacteria;c__Coriobacteriia;o__Coriobacteriales	1.20599977749e-05	0.00180160303207	0.000188786954521	0.0	0.0	0.0	1.52999952953e-05	0.0	0.0	0.000110943979793	0.00187503988177	0.0411028911322	0.0	0.0	3.21999919135e-05	0.00136713287463	0.000133799970631	0.0	0.00343095800159	1.61000019544e-06	0.00167544983865	0.00240732516273	0.0	0.0	0.000792182236149	0.0	1.51999986804e-05	0.0	0.0	0.00402687910454	0.00306024499082	0.000192460020541	0.0028945921464	5.12000188165e-05	0.00509934963891	0.00498676537401	2.36999989379e-06	0.000946924448937	9.05200198589e-05	0.0125681831024	5.82000304078e-05	0.00409504965024	0.00011172997352	0.000297335923196	0.00513173880222	2.020000825e-05	0.00566250896829	0.0	2.30999993993e-05	0.00387285557436	0.0	0.00444513780378	4.12999919026e-05	1.4099997204e-05	0.00345917430678	0.000213873968335	0.0	0.00319670757771	0.00068302525606	0.00013202501546
k__Bacteria;p__Actinobacteria;c__Coriobacteriia;o__Eggerthellales	0.0058140579273	0.000413700007364	0.000586627858681	0.000127690967942	0.0	0.0	0.0158534191186	0.0	0.000967812944059	0.00223052959375	0.0	0.000408091060886	0.0	0.00991912437693	1.43999963837e-05	0.0127191078337	2.61999942491e-05	0.0	0.0017298914966	0.00193073023437	0.000675816934919	0.00200944713584	0.0	0.00531181638218	0.0115223224348	0.0	0.0264654287024	0.0371721880558	0.048277183182	0.00868303222541	0.00453512798639	0.0266410778434	0.00452020866701	0.0171130972892	0.00218390541708	0.00339614125471	0.0454860889615	0.0132618222874	0.0354355957741	0.0361945776941	0.0450204015218	0.0192939673521	0.00110062673915	0.079424506484	0.00572785877925	0.101728226548	0.0209967628824	0.0	0.00172872195505	0.00130759451866	0.0	0.0110354320303	0.0	0.0100900879991	0.00329504833967	0.000547903918881	0.0272133979728	0.000445367941166	0.000752980282285	0.000501908058771
k__Bacteria;p__Aquificae;c__Aquificae;o__Aquificales	0.0	0.0	0.0	0.0	0.0	0.0	0.0	0.0	0.0	0.0	1.0799999319e-83	0.0	0.0	0.0	0.0	0.0	0.0	0.0	0.0	0.0	0.0	0.0	0.0	0.0	0.0	0.0	0.0	0.0	0.0	0.0	0.0	0.0	0.0	0.0	0.0	0.0	0.0	0.0	0.0	0.0	0.0	0.0	0.0	0.0	0.0	0.0	0.0	0.0	0.0	0.0	0.0	0.0	0.0	0.0	0.0	0.0	0.0	0.0	0.0	0.0
k__Bacteria;p__Bacteroidetes;c__Bacteroidia;o__Bacteroidales	0.577434170463	0.280025075984	0.944980514254	0.00523409368592	0.048740351423	0.00208198004901	0.281656068876	0.000873835012166	0.747527174592	0.808076327956	0.00174662888987	0.00782395416727	0.00799912914388	0.841144549963	0.000750135811616	0.468126386073	0.000408089910424	0.647334907887	0.50601297775	0.892604541353	0.873865809847	0.258010501441	8.45000133906e-05	8.16999904975e-05	0.853730541497	0.288522734841	0.700759533479	0.825118800738	0.00176761693347	0.674011638537	0.538315236385	0.380435435604	0.765570054237	0.000661305243036	0.49472970795	0.550617104296	0.0153107573138	0.00276981131317	0.204963308966	0.0108023863855	0.0267831619934	0.330029156812	0.0115363702659	0.0111758891132	0.0800860639134	0.178503225904	0.113537908364	0.00230314899998	0.453065541218	0.861295380948	0.959164145428	0.353042330993	0.000894684824586	0.578502415283	0.502447853309	0.0245739493618	0.0914246909086	0.665119705136	0.677844072117	0.856061914241
k__Bacteria;p__Bacteroidetes;c__Bacteroidia;o__Marinilabiliales	1.44999973247e-23	0.0	5.29999872323e-06	0.0	0.0	0.0	0.0	0.0	0.0	9.7499982242e-284	0.0	0.0	0.0	0.0	0.0	0.0	0.0	0.0	0.0	0.0	0.0	0.0	0.0	0.0	0.0	0.0	0.0	0.0	0.0	0.0	6.82999997951e-06	0.0	3.95999883222e-06	0.0	2.15999942347e-06	0.0	0.0	0.0	0.0	0.0	0.0	0.0	0.0	0.0	0.0	0.0	0.0	0.0	1.16999996957e-84	1.62999939998e-28	0.0	2.66999928148e-06	0.0	0.0	0.0	0.0	0.0	0.0	0.0	0.0
k__Bacteria;p__Bacteroidetes;c__Chitinophagia;o__Chitinophagales	0.0	0.0	0.0	0.0	0.0	0.0	0.0	0.0	0.0	0.0	0.0	0.0	0.0	0.0	0.0	0.0	0.0	0.0	0.0	6.58000079874e-07	0.0	0.0	0.0	0.0	0.0	0.0	0.0	0.0	0.0	0.0	0.0	0.0	0.0	0.0	0.0	0.0	0.0	0.0	0.0	0.0	0.0	0.0	0.0	0.0	0.0	0.0	0.0	0.0	0.0	0.0	1.3500000189e-239	0.0	0.0	0.0	0.0	0.0	0.0	0.0	0.0	0.0
k__Bacteria;p__Bacteroidetes;c__Cytophagia;o__Cytophagales	3.99699926255e-06	1.27000002261e-05	1.3299996796e-06	0.0	0.0	0.0	0.0	0.0	0.0	0.0	0.0	0.0	0.0	0.0	0.0	0.0	0.0	0.0	0.0	0.0	0.0	0.0	0.0	0.0	0.0	0.0	0.0	0.0	0.0	0.0	0.0	0.0	0.0	0.0	0.0	0.0	0.0	0.0	2.36000051775e-06	0.0	0.0	0.0	0.0	0.0	0.0	0.0	0.0	0.0	1.55999995943e-247	1.73999935949e-06	0.0	0.0	0.0	0.0	0.0	0.0	0.0	0.0	0.0	0.0
k__Bacteria;p__Bacteroidetes;c__Flavobacteriia;o__Flavobacteriales	0.0117340508351	0.00129672702308	0.00388016306527	0.0	0.0	0.0	9.89999695173e-06	0.000348668004853	0.000265857984634	0.00567191196696	0.0	4.99000074447e-81	0.0	1.7500000665e-59	2.12999946509e-05	0.000687260936978	3.96999912858e-05	0.000932189021437	0.0053690574376	0.000331843040282	0.00598095242403	4.74000032042e-05	0.0	0.0	6.65000198237e-06	0.0	0.000334717970941	0.0115990950174	0.0	0.000552335014339	0.0116473039651	0.0117827802576	0.0547609488513	8.01000294376e-06	0.000908752757441	0.0108789888159	7.61199965886e-05	1.36000064478e-05	0.00178341839126	2.71860110369e-05	0.000137800071996	0.000874267925329	0.0	2.66999931032e-06	0.000251522990306	0.000325661133006	0.000137087999232	0.0	0.00143458696269	0.00117489656751	0.0211512552961	0.00962064741101	3.62999928829e-05	0.000190749962174	0.00799945339691	0.0	0.0	0.0123521103705	0.00570563013899	0.0139164836296
k__Bacteria;p__Bacteroidetes;c__NA;o__Bacteroidetes Order II. Incertae sedis	1.98999963284e-06	0.0	0.0	0.0	0.0	0.0	0.0	0.0	0.0	0.0	0.0	0.0	0.0	0.0	0.0	0.0	0.0	0.0	0.0	0.0	0.0	0.0	0.0	0.0	0.0	0.0	0.0	0.0	0.0	0.0	0.0	0.0	0.0	0.0	0.0	0.0	0.0	0.0	0.0	0.0	0.0	0.0	0.0	0.0	0.0	0.0	0.0	0.0	0.0	0.0	0.0	0.0	0.0	0.0	0.0	0.0	0.0	0.0	0.0	0.0
k__Bacteria;p__Bacteroidetes;c__Sphingobacteriia;o__Sphingobacteriales	2.46999954428e-06	0.0	0.0	0.0	0.0	0.0	0.0	0.0	0.0	0.0	0.0	0.0	0.0	0.0	0.0	0.0	0.0	0.0	0.0	0.0	0.0	0.0	0.0	0.0	0.0	0.0	0.0	0.0	0.0	0.0	0.0	0.0	0.0	0.0	0.0	2.59000019425e-06	0.0	0.0	0.0	0.0	0.0	0.0	0.0	0.0	0.0	0.0	0.0	0.0	4.2799998887e-231	0.0	0.0	0.0	0.0	0.0	0.0	0.0	0.0	0.0	0.0	0.0
k__Bacteria;p__Candidatus Cloacimonetes;c__NA;o__NA	0.0	0.0	0.0	0.0	0.0	0.0	0.0	0.0	0.0	0.0	0.0	0.0	0.0	0.0	0.0	4.76999956259e-06	0.0	0.0	0.0	0.0	0.0	0.0	0.0	0.0	0.0	0.0	0.0	0.0	0.0	0.0	0.0	0.0	0.0	0.0	0.0	0.0	0.0	0.0	0.0	0.0	0.0	0.0	0.0	0.0	0.0	0.0	0.0	0.0	0.0	0.0	0.0	0.0	0.0	0.0	0.0	0.0	0.0	0.0	0.0	0.0
k__Bacteria;p__Candidatus Saccharibacteria;c__Candidatus Saccharimonia;o__Candidatus Nanosynbacterales	0.0	0.0	0.0	0.0	0.0	0.0	9.12999718882e-06	0.0	0.0	0.0	0.0	0.000116402017366	0.0	0.0	7.04999822951e-05	0.0	4.49999901225e-05	0.0	0.0	0.0	0.0	0.0	0.0	0.000122991985695	0.0	0.0	0.0	0.0	0.0	0.0	0.0	0.0	0.0	0.0	0.0	2.19000016425e-05	3.2399998548e-05	4.99000236576e-06	0.0	1.26000051153e-05	0.0	0.0	0.0	0.0	0.0	0.0	5.25999997054e-05	0.0	0.0	0.0	0.0	0.0	0.000361642929095	0.0	0.0	0.0	0.0	0.0	0.0	0.0
k__Bacteria;p__Chlorobi;c__Chlorobia;o__Chlorobiales	2.37999956089e-06	0.0	0.0	0.0	0.0	0.0	0.0	0.0	0.0	0.0	0.0	0.0	0.0	0.0	0.0	0.0	0.0	0.0	0.0	0.0	0.0	0.0	0.0	0.0	0.0	0.0	0.0	0.0	0.0	0.0	0.0	0.0	0.0	0.0	0.0	0.0	0.0	0.0	0.0	0.0	0.0	0.0	0.0	0.0	0.0	0.0	6.39222146431e-311	0.0	0.0	0.0	0.0	0.0	0.0	0.0	0.0	0.0	0.0	0.0	0.0	0.0
k__Bacteria;p__Chloroflexi;c__Anaerolineae;o__Anaerolineales	0.0	0.0	0.0	0.0	0.0	0.0	0.0	0.0	0.0	0.0	0.0	0.0	0.0	0.0	0.0	0.0	0.0	0.0	0.0	0.0	0.0	0.0	0.0	0.0	0.0	0.0	0.0	0.0	0.0	0.0	0.0	0.0	0.0	0.0	0.0	0.0	0.0	0.0	0.0	0.0	0.0	0.0	0.0	0.0	3.22999987551e-06	0.0	0.0	0.0	0.0	0.0	0.0	0.0	0.0	0.0	0.0	0.0	0.0	0.0	0.0	0.0
k__Bacteria;p__Chloroflexi;c__NA;o__NA	0.0	0.0	0.0	0.0	0.0	0.0	0.0	0.0	0.0	0.0	0.0	1.79000026705e-290	0.0	0.0	0.0	0.0	0.0	0.0	0.0	0.0	0.0	0.0	0.0	0.0	0.0	0.0	0.0	0.0	0.0	0.0	0.0	0.0	0.0	0.0	0.0	0.0	0.0	0.0	0.0	0.0	0.0	0.0	0.0	0.0	0.0	0.0	0.0	0.0	0.0	0.0	0.0	0.0	0.0	0.0	0.0	0.0	0.0	0.0	0.0	0.0
k__Bacteria;p__Coprothermobacterota;c__Coprothermobacteria;o__Coprothermobacterales	0.0	0.0	0.0	0.0	0.0	0.0	0.0	0.0	0.0	0.0	0.0	0.0	0.0	0.0	0.0	0.0	0.0	0.0	0.0	0.0	0.0	0.0	0.0	0.0	0.0	0.0	0.0	0.0	0.0	0.0	0.0	0.0	0.0	0.0	0.0	0.0	0.0	0.0	1.1400002501e-05	0.0	0.0	0.0	0.0	0.0	0.0	0.0	0.0	0.0	0.0	0.0	0.0	0.0	0.0	0.0	0.0	0.0	0.0	0.0	0.0	0.0
k__Bacteria;p__Cyanobacteria;c__Gloeobacteria;o__Gloeobacterales	1.60999970295e-06	0.0	0.0	0.0	0.0	0.0	0.0	0.0	0.0	0.0	0.0	0.0	0.0	0.0	0.0	0.0	0.0	0.0	0.0	0.0	0.0	0.0	0.0	0.0	0.0	0.0	0.0	0.0	0.0	0.0	0.0	0.0	0.0	0.0	0.0	0.0	0.0	0.0	0.0	0.0	0.0	0.0	0.0	2.64999931548e-06	0.0	0.0	0.0	0.0	0.0	0.0	0.0	0.0	0.0	0.0	0.0	0.0	0.0	0.0	0.0	0.0
k__Bacteria;p__Cyanobacteria;c__NA;o__Synechococcales	4.67999913654e-42	0.0	0.0	0.0	0.0	0.0	3.61999888538e-06	0.0	0.0	0.0	0.0	0.0	0.0	0.0	0.0	0.0	0.0	0.0	0.0	0.0	0.0	0.0	0.0	0.0	0.0	0.0	0.0	0.0	0.0	0.0	0.0	0.0	0.0	0.0	0.0	0.0	0.0	0.0	0.0	5.42000220039e-06	0.0	0.0	0.0	1.2399996797e-26	0.0	7.62000311214e-06	0.0	0.0	0.0	0.0	0.0	5.30999857104e-06	0.0	0.0	0.0	0.0	0.0	0.0	0.0	0.0
k__Bacteria;p__Deferribacteres;c__Deferribacteres;o__Deferribacterales	0.0	0.0	0.0	0.0	0.0	0.0	0.0	0.0	0.0	0.0	0.0	0.0	0.0	0.0	0.0	0.0	0.0	0.0	0.0	0.0	0.0	0.0	0.0	0.0	0.0	0.0	0.0	0.0	0.0	0.0	0.0	0.0	0.0	0.0	0.0	0.0	0.0	0.0	0.0	3.52000142904e-06	0.0	0.0	0.0	0.0	0.0	0.0	0.0	0.0	0.0	0.0	0.0	0.0	0.0	0.0	0.0	0.0	0.0	0.0	0.0	0.0
k__Bacteria;p__Deinococcus-Thermus;c__Deinococci;o__Deinococcales	9.58999823064e-24	0.0	0.0	0.0	0.0	0.0	0.0	0.0	0.0	0.0	0.0	0.0	0.0	0.0	0.0	0.0	0.0	0.0	0.0	0.0	0.0	0.0	0.0	0.0	0.0	0.0	0.0	0.0	0.0	0.0	0.0	0.0	0.0	0.0	0.0	0.0	0.0	0.0	0.0	0.0	0.0	0.0	0.0	0.0	0.0	0.0	6.42999996399e-06	0.0	0.0	1.14999957667e-06	0.0	3.86999895855e-06	0.0	0.0	0.0	0.0	0.0	0.0	0.0	0.0
k__Bacteria;p__Deinococcus-Thermus;c__Deinococci;o__Thermales	3.68999931919e-06	0.0	0.0	0.0	0.0	0.0	0.0	0.0	0.0	0.0	0.0	0.0	0.0	0.0	0.0	0.0	0.0	0.0	0.0	0.0	0.0	0.0	0.0	0.0	0.0	0.0	0.0	0.0	0.000824885968936	0.0	0.0	1.21100012925e-05	0.0	8.22000302093e-06	2.9799992046e-06	0.0	9.2399995859e-05	9.90500469597e-06	1.91600042035e-05	2.1420008696e-05	2.66000138977e-05	6.099999479e-05	1.05699974949e-05	0.00389478099395	9.16999964658e-06	0.000114900046927	6.59999996304e-05	0.0	0.0	0.0	0.0	0.0	0.0	0.0	0.0	0.0	0.0	0.0	0.0	0.0
k__Bacteria;p__Elusimicrobia;c__Elusimicrobia;o__Elusimicrobiales	0.0	0.0	0.0	0.0	0.0	0.0	0.0	0.0	0.0	0.0	0.0	0.0	0.0	0.0	0.0	0.0	0.0	0.0	0.0	0.0	0.0	0.0	0.0	0.0	0.0	0.0	0.0	0.0	0.0	0.0	0.0	0.0	0.0	0.0	0.0	0.0	0.0	0.0	0.0	0.0	0.0	0.0	0.0	0.0	0.0	0.0	0.0	0.0	0.0	0.0	0.0	9.06999755919e-40	0.0	0.0	0.0	0.0	0.0	0.0	0.0	0.0
k__Bacteria;p__Elusimicrobia;c__Endomicrobia;o__Endomicrobiales	0.0	0.0	0.0	0.0	0.0	0.0	0.0	0.0	0.0	0.0	0.0	0.0	0.0	0.0	0.0	3.19014270746e-127	0.0	0.0	0.0	0.0	0.0	0.0	0.0	0.0	0.0	0.0	0.0	0.0	0.0	0.0	0.0	0.0	0.0	0.0	0.0	0.0	0.0	0.0	0.0	0.0	0.0	0.0	0.0	0.0	0.0	0.0	0.0	0.0	0.0	0.0	0.0	0.0	0.0	0.0	0.0	0.0	0.0	0.0	0.0	0.0
k__Bacteria;p__Firmicutes;c__Bacilli;o__Bacillales	3.12389942364e-05	1.57000002795e-05	4.50469891482e-05	0.000114799971178	0.0	7.6000001789e-35	1.56599951782e-05	0.000389944005428	0.000154827991051	6.83999875421e-05	0.000224099985872	5.18000077281e-23	0.0	3.1500001197e-05	0.000242559939085	6.27999942412e-06	0.00125902272364	0.0	0.0	8.31000100874e-152	4.07399960767e-05	1.32000008923e-05	4.37000069043e-05	0.000845130901703	9.77000291244e-06	0.0	2.93999974476e-216	0.0	0.000141979994653	9.15000023753e-06	7.1999999784e-06	9.03000096377e-07	0.000110009967559	1.71000062844e-33	4.62999876419e-06	6.07000045525e-06	8.10999963654e-06	7.23900343201e-06	1.35000029617e-05	6.493002636e-05	0.000127850066798	4.43899962086e-05	3.53039916329e-05	0.00021992894319	1.18099995448e-05	4.33100176885e-05	1.58958400286e-314	0.000602252999996	1.16999996957e-45	8.85599674002e-06	0.0	2.7449992613e-05	0.0	2.02299960065e-05	8.90939821456e-05	0.000150299977748	0.0	2.50599966895e-05	8.06000302162e-34	3.38600039649e-05
k__Bacteria;p__Firmicutes;c__Bacilli;o__Lactobacillales	0.00628417684072	0.0108359843929	0.00107448774116	0.129590536325	0.0109743243344	0.22303051871	0.0172980646743	0.00562359015814	0.00188171489246	0.00119297878272	0.127543711011	0.078719269745	0.00187287626782	0.00375599414273	0.606681932775	0.0363616246656	0.07161938628	0.00246884005686	0.0499144767749	7.97446197181e-05	0.00364104864937	0.0434253833357	0.0128887240383	0.0162971909141	0.0270617669671	0.0416968948325	0.0060599040739	0.0180876740271	0.10298941118	0.00524525013617	0.00738482397787	0.0835415674168	0.025124084876	0.0232489201443	0.00331384182919	0.0230071047255	0.0428132378813	0.00827153296474	0.0138056356288	0.0572686981539	0.0648158456943	0.0351046311117	0.675825482829	0.00702991897498	0.0427943031507	0.0976384630792	0.0624258886504	0.859160076001	0.0208695424577	0.00565306391905	0.00045931000643	0.0710526798792	0.00674125174143	0.0154921469279	0.0132077943532	0.144663639882	0.660695933339	0.0154175486633	0.030163077517	0.0290987914075
k__Bacteria;p__Firmicutes;c__Clostridia;o__Eubacteriales	0.256556297665	0.233093534149	0.0459174499387	0.20118632649	0.00970993007644	0.00688022616196	0.0847170829151	0.0	0.0201794228336	0.0633056584699	0.0245934084493	0.311238493434	0.00692092998969	0.047737306814	0.131329741019	0.213838381391	0.020701433956	0.00345435307944	0.223559046944	0.00868540305431	0.0324215448778	0.154850612468	0.000108300017111	0.0651727824198	0.0769950139522	0.00452217598183	0.198049009806	0.0631614120947	0.757973357456	0.0749503249457	0.0933756767199	0.429371360827	0.139847999759	0.668714409759	0.177214246699	0.262365526677	0.131586865103	0.052539577409	0.281878403853	0.207665785307	0.797323942578	0.203852401589	0.159562345184	0.126820569241	0.0881811086393	0.44363946119	0.407915988716	0.0	0.249734544506	0.0402851591706	0.0187745622628	0.301667089819	0.000404549920682	0.0574744966029	0.0390635921717	0.185980756465	0.0	0.155061550516	0.225296863462	0.0888779134072
k__Bacteria;p__Firmicutes;c__Clostridia;o__Halanaerobiales	0.0	0.0	0.0	0.0	0.0	0.0	0.0	0.0	0.0	0.0	0.0	0.0	0.0	0.0	2.14999946006e-05	0.0	0.0	0.0	0.0	0.0	0.0	0.0	0.0	0.0	0.0	0.0	0.0	0.0	0.0	0.0	0.0	0.0	0.0	0.0	0.0	5.91000044325e-06	0.0	0.0	0.0	0.0	0.0	1.90999983687e-89	0.0	4.65999879628e-06	0.0	0.0	0.0	0.0	0.0	0.0	0.0	0.0	0.0	0.0	0.0	0.0	0.0	0.0	4.32000161953e-06	0.0
k__Bacteria;p__Firmicutes;c__Clostridia;o__Natranaerobiales	0.0	0.0	0.0	0.0	0.0	0.0	0.0	0.0	0.0	0.0	0.0	0.0	0.0	0.0	0.0	0.0	0.0	0.0	0.0	0.0	0.0	0.0	0.0	0.0	0.0	0.0	0.0	0.0	0.0	0.0	0.0	0.0	0.0	0.0	0.0	0.0	1.3499999395e-18	0.0	0.0	0.0	0.0	0.0	0.0	0.0	0.0	0.0	0.0	0.0	0.0	0.0	0.0	0.0	0.0	0.0	0.0	0.0	0.0	0.0	0.0	0.0
k__Bacteria;p__Firmicutes;c__Clostridia;o__Thermoanaerobacterales	1.04599980759e-05	0.0	2.11999948929e-06	0.0	0.0	0.0	3.39999895312e-06	0.0	0.0	0.0	0.0	0.0	0.0	0.0	0.0	0.0	0.0	0.0	0.0	0.0	0.0	0.0	0.0	0.0	0.0	0.0	0.0	0.0	0.0	0.0	1.02999999691e-150	0.0	0.0	6.43100236346e-122	0.0	0.0	0.0	0.0	6.41000140627e-06	4.16000168886e-06	5.26000274819e-22	8.48999927487e-06	0.0	5.27999863613e-06	0.0	0.0	0.0	0.0	0.0	0.0	0.0	0.0	0.0	0.0	2.40999951704e-06	3.39999949662e-05	0.0	1.02999986393e-76	3.71000139085e-06	0.0
k__Bacteria;p__Firmicutes;c__Clostridia;o__Thermosediminibacterales	1.23999977122e-67	0.0	0.0	0.0	0.0	0.0	0.0	0.0	0.0	0.0	0.0	0.0	0.0	0.0	0.0	0.0	0.0	0.0	0.0	0.0	0.0	0.0	0.0	0.0	0.0	0.0	0.0	0.0	0.0	0.0	0.0	0.0	0.0	0.0	0.0	0.0	0.0	0.0	0.0	3.90000158331e-06	0.0	0.0	0.0	0.0	0.0	0.0	0.0	0.0	0.0	0.0	0.0	5.98999838804e-06	0.0	2.32999953796e-06	0.0	0.0	0.0	0.0	0.0	0.0
k__Bacteria;p__Firmicutes;c__Erysipelotrichia;o__Erysipelotrichales	0.0017913026695	0.000382157006802	0.000268381935347	0.0471171941706	0.00238668101879	0.0	0.000275261915245	0.0	0.000829530952052	7.66999860304e-05	0.000660062958381	0.0421509072886	0.0	0.00216522708228	0.179958230807	0.00326672370044	0.00146722267794	0.0	0.00245021028699	0.000275236033411	0.000460718955633	0.00278502518827	6.80000107435e-05	0.0056607453416	0.000438413130691	0.0	0.00265325976965	0.000636132000954	0.0117763055565	0.000321845008355	0.000415969998752	0.00150790316094	0.000311249908214	0.00266345597885	0.000869110768022	0.000620479046536	0.00365625983614	0.00683105623861	0.00787538472776	0.00230680893651	0.0444128662044	0.0297048854629	0.00288765831562	0.0209193255964	0.00175107093251	0.00566008131167	0.00097850799452	0.0	0.00168256495625	0.000873204678564	0.0	0.000721470805846	0.0	0.000307437939035	0.000456447908528	0.033745094004	0.0	0.000951796874265	0.000515127193116	0.000657715077016
k__Bacteria;p__Firmicutes;c__NA;o__NA	0.0	0.0	0.0	0.0	0.0	0.0	1.9099994119e-05	0.0	0.0	0.0	0.0	0.0	0.0	0.0	0.0	0.0	0.0	0.0	0.0	0.0	4.94999952331e-26	0.0	0.0	0.0	0.0	0.0	0.0	0.0	0.0	1.26000003271e-05	0.0	0.0	0.0	0.0	0.0	0.0	4.31999980639e-06	0.0	0.0	4.86000197304e-06	0.0	0.0	0.0	0.0	4.28999983466e-27	0.0	0.0	0.0	1.11999997088e-144	3.12999884782e-06	0.0	0.0	0.0	0.0	0.0	4.37999935153e-05	0.0	0.0	0.0	0.0
k__Bacteria;p__Firmicutes;c__Negativicutes;o__Acidaminococcales	4.93999908857e-05	0.0	6.05999854014e-05	0.000146501963219	0.0	0.0	6.92999786621e-05	0.0	0.0	0.000137840974895	2.78999982408e-94	0.0	0.0	0.0	1.99999949773e-05	0.0	0.0	0.0	0.0	1.0800001311e-19	0.0	0.0	0.0	0.0	0.000256484076458	0.0	0.0	0.001999479003	0.0	1.73000004491e-05	7.60799997717e-05	2.73000029137e-05	0.0	4.27000156927e-47	0.0	0.0	0.0	1.51000071589e-06	0.0	8.21000333306e-48	1.96000102404e-05	0.0	6.03999856852e-06	2.03999947305e-05	2.79999989209e-05	4.15000169493e-05	0.000144759999189	0.0	0.164456337723	0.000300101889529	0.0	0.000136379963299	2.64999948043e-110	0.262489569948	0.282393950408	0.0	0.0	5.3299992959e-05	0.0349788281132	6.7500007904e-05
k__Bacteria;p__Firmicutes;c__Negativicutes;o__Selenomonadales	1.77999967159e-31	0.0	0.0	0.0	0.0	0.0	5.41999833115e-06	0.0	0.0	0.0	6.94999956178e-05	0.0	0.0	0.0	0.00014438596374	0.000279132974403	0.000219673951781	0.0	0.0	0.0	0.0	0.0	0.0	0.0	0.0	0.0	0.0	0.0	0.0	0.0	0.0	0.0	6.45999809498e-110	0.0	0.0	0.0	0.0	2.6100012374e-77	3.3104081852e-312	0.0	0.0	0.0	0.000180515957218	5.03999869813e-06	0.0	2.03000082909e-05	0.0	0.0	1.07999997192e-137	2.27999916071e-06	0.0	0.0	7.81999846678e-05	5.76999885581e-06	0.0	0.000178655973678	0.0	1.08999985601e-05	0.0	0.0
k__Bacteria;p__Firmicutes;c__Negativicutes;o__Veillonellales	0.000129235976156	0.00144508402572	2.32599943967e-05	0.0175086446042	0.0190778069902	0.44648242251	0.122769296199	0.0096700811346	0.038874399753	0.00327402140369	0.118496195529	0.0216910162361	0.00769258710004	0.0	0.0245773928278	0.0039026196422	0.15507977196	0.0471266310842	0.0126215313271	2.15100026111e-05	0.00300653771047	0.00292445619769	0.0906328233194	0.0598842130349	0.0152650845505	0.00243727899021	7.64999933586e-05	0.00195015800293	0.0331796477505	0.000272258007068	0.0002332219993	0.00300309932052	0.00132856460821	0.00165550260841	2.43099935113e-05	0.00010680000801	8.9789995976e-05	9.61000455611e-06	0.000160000035102	5.93500240947e-05	0.0013514737061	0.000683197941648	5.33399873586e-05	0.000118399969418	0.000423943983661	0.000754481308143	0.000565885996831	0.000734966999995	0.00070527898166	0.000863024682312	0.0	0.000108267970864	0.00863059130789	0.000513905898092	0.000132499973447	0.0234438075291	0.0	0.00365104551769	0.000248412093128	0.000853082099892
k__Bacteria;p__Firmicutes;c__Tissierellia;o__NA	0.0	0.0	0.0	0.0	0.0	0.0	0.000119265963277	0.0	0.0	0.0	0.0	0.0	0.0	0.0	0.0	0.0	0.0	0.0	0.0	0.0	0.0	3.2500002197e-05	0.0	0.0	0.0	0.0	2.78999975778e-05	0.0	0.0	0.0	0.0	0.0	0.0	0.0	6.35999830243e-06	0.0	0.0	0.0	9.33000204688e-06	0.0	0.0	0.0	0.0	3.54999908301e-05	0.0	0.0	0.0	0.0	0.000145289996222	0.0	0.0	0.0	0.0	0.0	3.31999933467e-06	0.0	0.0	0.0	5.73000214813e-06	7.79000091217e-06
k__Bacteria;p__Firmicutes;c__Tissierellia;o__Tissierellales	4.38999919004e-05	0.00138317302462	4.58399889571e-05	6.99999824256e-34	0.0	0.0	0.000903761721726	0.0	0.0	0.0	3.78999976103e-05	1.10000016411e-13	0.0	5.94000022572e-05	7.71999806125e-05	0.000556716948949	3.36999926028e-29	0.0	0.000153416955356	1.94100023562e-05	3.9199996225e-05	7.55000051038e-05	0.0	0.000225810973736	7.41000220892e-05	0.0	0.000121999989408	0.000662406000994	0.0012959329512	4.72000012253e-05	8.30999997507e-05	0.00342378236542	3.43999898556e-05	0.000370782136266	0.00020212494605	0.00010959700822	0.00018229899183	9.54400452482e-05	0.000170357037374	0.000537535218226	0.000571655298673	0.000692255940874	0.000102399975731	0.00111199571276	0.000184692992882	0.000204855083666	0.00219778798769	0.0	0.000578043984968	0.000110324959388	0.0	0.000142649961612	0.0	9.18699817822e-05	3.59999927856e-05	0.000213479968394	0.0	0.000176598976671	0.000147400055325	5.19000060773e-05
k__Bacteria;p__Fusobacteria;c__Fusobacteriia;o__Fusobacteriales	0.0	2.9100000518e-05	0.0	8.72999780823e-05	0.00143309001128	0.00225127005299	0.00512963242056	0.00871158912128	0.00538624468867	0.000449196918186	0.0157310730081	0.175645157005	0.000878612125642	0.0	0.00110884372153	0.000281835974155	0.0104154127138	0.0	0.000291560915156	4.42000053654e-06	6.63999936057e-06	0.0	0.000202305031963	0.0	9.65100287696e-05	0.0	0.0	0.0	0.0	0.0002349720061	0.0	0.0	0.0	1.75970064671e-05	0.0	0.0	0.0	0.0	0.0	0.0	1.26000065831e-05	0.0	0.0	5.71999852248e-06	0.0	0.0	0.0	0.0	2.90999992433e-06	8.43999689315e-06	0.0	2.61199929709e-05	0.000255605949885	5.49999890935e-06	2.63999947094e-06	0.00949434859435	0.0	1.30999982695e-05	5.04000188945e-06	5.58300065374e-06
k__Bacteria;p__Ignavibacteriae;c__Ignavibacteria;o__Ignavibacteriales	0.0	0.0	2.00999951579e-06	0.0	0.0	0.0	0.0	0.0	0.0	0.0	0.0	0.0	0.0	0.0	0.0	0.0	0.0	0.0	0.0	0.0	0.0	0.0	0.0	0.0	0.0	0.0	0.0	0.0	0.0	0.0	0.0	0.0	0.0	0.0	0.0	0.0	0.0	0.0	0.0	0.0	0.0	0.0	0.0	0.0	0.0	0.0	0.0	0.0	0.0	1.53999943311e-06	0.0	4.13999888589e-06	0.0	0.0	0.0	0.0	0.0	0.0	0.0	0.0
k__Bacteria;p__Nitrospirae;c__Nitrospira;o__Nitrospirales	0.0	0.0	0.0	0.0	0.0	0.0	0.0	0.0	0.0	0.0	0.0	0.0	0.0	0.0	0.0	0.0	0.0	0.0	0.0	0.0	0.0	0.0	0.0	0.0	0.0	0.0	0.0	0.0	0.0	0.0	0.0	0.0	0.0	0.0	0.0	0.0	0.0	0.0	3.97000087097e-06	0.0	0.0	0.0	0.0	0.0	0.0	0.0	0.0	0.0	0.0	0.0	0.0	0.0	0.0	0.0	0.0	0.0	0.0	0.0	0.0	0.0
k__Bacteria;p__Planctomycetes;c__Phycisphaerae;o__Sedimentisphaerales	0.0	0.0	0.0	0.0	0.0	0.0	0.0	0.0	0.0	0.0	0.0	0.0	0.0	0.0	0.0	0.0	0.0	0.0	0.0	0.0	0.0	0.0	0.0	0.0	0.0	0.0	0.0	0.0	0.0	0.0	0.0	0.0	3.17999906223e-06	0.0	0.0	0.0	0.0	0.0	0.0	0.0	0.0	0.0	0.0	0.0	0.0	0.0	0.0	0.0	0.0	0.0	0.0	0.0	0.0	0.0	0.0	0.0	0.0	0.0	0.0	0.0
k__Bacteria;p__Planctomycetes;c__Planctomycetia;o__Isosphaerales	0.0	0.0	3.61999912794e-203	0.0	0.0	0.0	0.0	0.0	0.0	0.0	0.0	0.0	0.0	0.0	0.0	0.0	0.0	0.0	0.0	0.0	0.0	0.0	0.0	0.0	0.0	0.0	0.0	0.0	0.0	0.0	0.0	0.0	0.0	0.0	0.0	0.0	0.0	0.0	0.0	0.0	0.0	0.0	0.0	0.0	0.0	0.0	0.0	0.0	0.0	0.0	0.0	0.0	0.0	0.0	0.0	0.0	0.0	0.0	0.0	0.0
k__Bacteria;p__Proteobacteria;c__Alphaproteobacteria;o__Caulobacterales	0.0	0.0	0.0	0.0	0.0	0.0	0.0	0.0	5.79999966475e-17	0.0	0.0	0.0	0.0	0.0	0.0	0.0	0.0	0.0	0.0	0.0	0.0	0.0	0.0	0.0	0.0	0.0	0.0	0.0	0.0	0.0	0.0	0.0	0.0	0.0	0.0	0.0	0.0	0.0	0.0	0.0	0.0	0.0	0.0	1.2999996642e-23	0.0	0.0	0.0	0.0	0.0	0.0	0.0	0.0	0.0	0.0	1.76999964529e-06	0.0	0.0	0.0	0.0	0.0
k__Bacteria;p__Proteobacteria;c__Alphaproteobacteria;o__Holosporales	0.0	0.0	0.0	0.0	0.0	0.0	0.0	0.0	0.0	0.0	0.0	0.0	0.0	0.0	0.0	0.0	0.0	0.0	0.0	0.0	0.0	0.0	0.0	0.0	0.0	0.0	0.0	0.0	0.0	0.0	0.0	0.0	0.0	0.0	0.0	0.0	0.0	0.0	0.0	0.0	0.0	0.0	0.0	0.0	0.0	0.0	0.0	0.0	0.0	3.03999888094e-06	0.0	0.0	0.0	0.0	0.0	0.0	0.0	0.0	0.0	0.0
k__Bacteria;p__Proteobacteria;c__Alphaproteobacteria;o__Hyphomicrobiales	2.76699948949e-06	0.0	0.0	0.0	0.0	0.0	0.0	0.0	0.0	0.0	0.0	4.72000070419e-289	0.0	0.0	0.0	1.48999986337e-06	0.0	0.0	0.0	0.0	0.0	0.0	0.0	0.0	6.83000203602e-118	3.71999998505e-24	0.0	0.0	0.0	0.0	1.97999999406e-91	3.80000040557e-06	0.0	0.0	0.0	0.0	5.23999976516e-06	7.76000367902e-07	0.0	0.0	2.87000149949e-06	0.0	1.46499965279e-06	6.02399844395e-05	4.0399998443e-06	0.0	2.23999998746e-06	0.0	0.0	9.74999641093e-97	0.0	2.00399946071e-05	0.0	0.0	7.01999859319e-196	0.0	0.0	0.0	0.0	0.0
k__Bacteria;p__Proteobacteria;c__Alphaproteobacteria;o__Parvularculales	0.0	0.0	0.0	0.0	0.0	0.0	0.0	0.0	0.0	0.0	0.0	0.0	0.0	0.0	0.0	0.0	0.0	0.0	0.0	0.0	0.0	0.0	0.0	0.0	0.0	0.0	0.0	0.0	0.0	0.0	0.0	0.0	0.0	0.0	0.0	0.0	0.0	0.0	5.96000130755e-06	0.0	0.0	0.0	0.0	0.0	0.0	0.0	0.0	0.0	0.0	0.0	0.0	0.0	0.0	0.0	0.0	0.0	0.0	0.0	0.0	0.0
k__Bacteria;p__Proteobacteria;c__Alphaproteobacteria;o__Pelagibacterales	0.0	0.0	0.0	0.0	0.0	0.0	0.0	0.0	0.0	0.0	0.0	0.0	0.0	0.0	0.0	0.0	0.0	0.0	0.0	0.0	0.0	0.0	0.0	0.0	0.0	0.0	0.0	0.0	0.0	0.0	0.0	0.0	0.0	0.0	0.0	0.0	0.0	0.0	0.0	0.0	0.0	0.0	0.0	1.05999972619e-05	0.0	0.0	0.0	0.0	0.0	0.0	0.0	0.0	0.0	0.0	0.0	0.0	0.0	0.0	0.0	0.0
k__Bacteria;p__Proteobacteria;c__Alphaproteobacteria;o__Rhodobacterales	8.58999841514e-51	0.0	0.0	0.0	0.0	0.0	2.11999934724e-06	0.0	0.0	0.0	0.0	0.0	0.0	0.0	0.0	0.0	0.0	0.0	0.0	0.0	0.0	0.0	0.0	0.0	0.0	0.0	0.0	0.0	0.0	0.0	0.0	0.0	0.0	0.0	0.0	0.0	0.0	0.0	0.0	0.0	0.0	0.0	5.1999987676e-07	0.0	0.0	0.0	0.0	0.0	0.0	3.13999884413e-281	0.0	0.0	0.0	2.81999944079e-06	0.0	0.0	0.0	0.0	0.0	0.0
k__Bacteria;p__Proteobacteria;c__Alphaproteobacteria;o__Rhodospirillales	1.09999979705e-06	0.0	0.0	0.0	0.0	0.0	2.36999927026e-06	0.0	0.0	0.0	3.91999975283e-131	0.0	0.0	0.0	0.0	0.0	0.0	0.0	0.0	0.0	0.0	0.0	0.0	0.0	0.0	0.0	0.0	0.0	0.0	0.0	3.12999999061e-06	0.0	0.0	4.41000162072e-06	0.0	0.0	0.0	0.0	0.0	3.61000146557e-06	0.0	0.0	1.80999957103e-06	0.0	0.0	0.0	0.0	0.0	0.0	0.0	0.0	0.0	3.94999922555e-200	0.0	0.0	0.0	0.0	0.0	0.0	0.0
k__Bacteria;p__Proteobacteria;c__Alphaproteobacteria;o__Sphingomonadales	4.1999992251e-32	0.0	1.62999960733e-06	0.0	0.0	0.0	0.0	0.0	0.0	0.0	0.0	0.0	0.0	0.0	7.97999799596e-06	0.0	8.66999809693e-06	0.0	4.7999986032e-06	0.0	0.0	0.0	0.0	0.0	0.0	0.0	0.0	0.0	0.0	0.0	0.0	4.12000043973e-06	0.0	0.0	0.0	0.0	0.0	0.0	0.0	0.0	4.30000224662e-06	0.0	0.0	2.1969994325e-05	2.94999988631e-06	0.0	0.0	0.0	0.0	0.0	0.0	0.0	4.84999904909e-126	0.0	0.0	0.0	0.0	0.0	1.44000053984e-06	0.0
k__Bacteria;p__Proteobacteria;c__Betaproteobacteria;o__Burkholderiales	1.89799964982e-05	0.000431736007685	2.70999934716e-05	0.000194195951245	0.00205696001619	0.000145400003423	5.27999837426e-05	0.000276353003847	0.000234168986465	0.00025179595414	1.80999988587e-142	0.000692007103242	0.00795775513796	0.000183441006971	0.0032050571951	2.00999981568e-06	5.28799883928e-05	0.00264652206086	0.00108990968284	6.86300083411e-06	2.71399973864e-05	0.0	0.000413671065357	0.000414309951812	0.000106120031634	0.0131620419471	0.000423199963259	0.00447418500671	7.01999973564e-05	6.37000016537e-05	2.23999999328e-06	6.49100069278e-05	8.41499751846e-05	6.48400238293e-05	2.95699921073e-05	0.000227090017032	1.23759994454e-05	6.7800032144e-06	5.80400127332e-05	0.000151510061509	0.000196748102795	5.97099949003e-05	1.13309973146e-05	0.000606802843322	6.02099976795e-05	0.000176370072033	0.00013743399923	0.0	0.000110859998627	3.88349857044e-05	0.0	3.29599911302e-05	8.44799834373e-05	0.000104929979192	1.51999969539e-06	0.000530441921467	0.0	3.42699954729e-05	1.59100059645e-05	0.000255371029903
k__Bacteria;p__Proteobacteria;c__Betaproteobacteria;o__NA	0.0	0.0	0.0	0.0	0.0	0.0	0.0	0.0	0.0	0.0	0.0	0.0	0.0	0.0	0.0	0.0	0.0	0.0	0.0	0.0	0.0	0.0	0.0	0.0	0.0	0.0	0.0	0.0	0.0	0.0	0.0	0.0	0.0	0.0	0.0	0.0	0.0	0.0	0.0	0.0	0.0	0.0	0.0	0.0	0.0	0.0	0.0	0.0	7.15999981391e-05	2.4805100869e-05	0.0	0.0	0.0	0.0	0.0	9.93067352974e-05	0.0	0.0	0.0	0.0
k__Bacteria;p__Proteobacteria;c__Betaproteobacteria;o__Neisseriales	0.0	6.64000011819e-05	0.0	0.0	0.0	8.27000019468e-05	0.00486076550334	0.0067893340945	0.0	0.00304869944473	0.000635981959899	0.0	0.000233767033429	0.0	0.000148099962807	0.0208201450908	0.107145061482	0.0	0.0	0.0	0.000290624972013	0.0	0.000100353015855	0.0	4.19000124904e-05	0.0	0.000221918980734	0.0	0.000316334988087	2.14000005555e-05	0.0	4.48000047815e-85	0.0	3.82000140389e-06	0.0	0.0	0.0	0.0	0.0	0.0	0.0	0.0	0.0	4.44999885053e-06	0.0	0.0	0.0	0.0	6.66999982655e-05	9.28999658026e-06	0.0	2.74399926157e-05	1.63999967846e-195	0.0	0.0	0.00029273195666	0.0	0.0	4.55000170575e-06	0.0
k__Bacteria;p__Proteobacteria;c__Betaproteobacteria;o__Nitrosomonadales	4.49999916975e-06	0.0	2.06999950134e-06	0.0	0.0	0.0	0.0	0.0	0.0	0.0	6.8099995706e-33	2.56000038193e-05	0.0	0.0	0.0	0.0	0.0	0.0	0.0	9.74000118235e-07	0.0	0.0	0.0	0.0	0.0	0.0	0.0	0.0	0.0	0.0	0.0	0.0	0.0	0.0	0.0	0.0	0.0	0.0	0.0	0.0	0.0	0.0	0.0	4.24999890219e-06	0.0	0.0	0.0	0.0	3.72199990321e-24	0.0	0.0	0.0	1.9299996216e-119	0.0	0.0	0.0	0.0	0.0	0.0	0.0
k__Bacteria;p__Proteobacteria;c__Betaproteobacteria;o__Rhodocyclales	0.0	0.0	2.26999945316e-147	0.0	0.0	0.0	0.0	0.0	0.0	0.0	0.0	4.31000064302e-05	0.0	0.0	0.0	0.0	0.0	0.0	0.0	0.0	4.03999961095e-06	0.0	0.0	0.0	0.0	0.0	0.0	0.0	0.0	0.0	0.0	0.0	0.0	0.0	0.0	0.0	0.0	0.0	0.0	0.0	0.0	0.0	0.0	3.28999915017e-29	0.0	0.0	0.0	0.0	1.15999996983e-36	0.0	0.0	0.0	0.0	0.0	0.0	0.0	0.0	0.0	0.0	0.0
k__Bacteria;p__Proteobacteria;c__Deltaproteobacteria;o__Desulfarculales	5.25999902953e-275	0.0	0.0	0.0	0.0	0.0	0.0	0.0	0.0	0.0	0.0	0.0	0.0	0.0	1.35999965846e-05	0.0	0.0	0.0	0.0	0.0	0.0	0.0	0.0	0.0	0.0	0.0	0.0	0.0	0.0	0.0	0.0	0.0	0.0	0.0	0.0	0.0	0.0	0.0	0.0	0.0	0.0	0.0	0.0	0.0	0.0	0.0	0.0	0.0	0.0	0.0	0.0	0.0	0.0	3.51999930198e-06	0.0	0.0	0.0	0.0	0.0	0.0
k__Bacteria;p__Proteobacteria;c__Deltaproteobacteria;o__Desulfobacterales	0.0	0.0	0.0	0.0	0.0	0.0	0.0	0.0	0.0	0.0	0.0	0.0	0.0	0.0	0.0	0.0	0.0	0.0	0.0	0.0	0.0	0.0	0.0	0.0	0.0	0.0	0.0	0.0	0.0	0.0	0.0	0.0	0.0	0.0	0.0	0.0	0.0	0.0	0.0	0.0	0.0	8.13999930476e-06	0.0	0.0	0.0	0.0	0.0	0.0	0.0	0.0	0.0	0.0	0.0	0.0	0.0	0.0	0.0	0.0	0.0	0.0
k__Bacteria;p__Proteobacteria;c__Deltaproteobacteria;o__Desulfovibrionales	2.19012959592e-05	0.0	6.94999832574e-06	0.0	0.0	0.0	1.56499951813e-05	0.0	0.0	0.0	0.0	0.0	0.0	0.0	0.0	0.0	0.0	0.0	0.000281660618037	0.0	0.0	0.0	0.0	0.000128314485076	0.0	0.0	3.60688968686e-05	0.0	0.0	0.00109437702841	2.54600001296e-05	1.02067710894e-05	1.37016059595e-05	2.24058982344e-05	6.00901839611e-05	5.5000004125e-06	0.0	1.97000656398e-05	0.000121438026642	0.0	0.000181079794609	0.000424213263768	0.0	1.43534962924e-05	7.07438972735e-05	0.0	4.31495997584e-05	0.0	1.10999997114e-05	0.000522355807715	0.0	0.0	0.0	0.000110269278134	7.47299850261e-05	0.0	0.0	0.000459847339253	7.29000273295e-05	2.41039028225e-05
k__Bacteria;p__Proteobacteria;c__Deltaproteobacteria;o__Desulfurellales	0.0	0.0	0.0	0.0	0.0	0.0	0.0	0.0	0.0	0.0	0.0	0.0	0.0	0.0	2.72999931441e-05	0.0	0.0	0.0	0.0	0.0	0.0	0.0	0.0	0.0	0.0	0.0	0.0	0.0	0.0	0.0	0.0	0.0	0.0	0.0	0.0	0.0	0.0	0.0	0.0	0.0	0.0	0.0	0.0	0.0	0.0	0.0	0.0	0.0	0.0	0.0	0.0	0.0	0.0	0.0	0.0	0.0	0.0	0.0	0.0	0.0
k__Bacteria;p__Proteobacteria;c__Deltaproteobacteria;o__Desulfuromonadales	1.77999967159e-06	0.0	0.0	0.0	0.0	0.0	0.0	0.0	0.0	0.0	0.0	0.0	0.0	0.0	0.0	0.0	0.0	0.0	0.0	0.0	0.0	0.0	0.0	0.0	0.0	0.0	0.0	0.0	0.0	0.0	0.0	0.0	0.0	0.0	0.0	0.0	0.0	0.0	4.06000089071e-06	0.0	6.07000317139e-06	0.0	1.22999970849e-06	3.08999920183e-06	0.0	0.0	0.0	0.0	0.0	0.0	0.0	3.67999900968e-06	0.0	0.0	0.0	0.0	0.0	0.0	0.0	0.0
k__Bacteria;p__Proteobacteria;c__Deltaproteobacteria;o__Myxococcales	0.0	0.0	0.0	8.61999783584e-23	0.0	0.0	0.0	0.0	0.0	0.0	0.0	0.0	0.0	0.0	1.65999958312e-111	0.0	0.0	0.0	0.0	0.0	0.0	0.0	0.0	0.0	0.0	0.0	0.0	0.0	0.0	2.37000006153e-06	0.0	0.0	0.0	0.0	0.0	0.0	0.0	0.0	0.0	0.0	0.0	0.0	0.0	0.0	0.0	0.0	0.0	0.0	0.0	0.0	0.0	1.44999960979e-06	0.0	0.0	0.0	0.0	0.0	0.0	0.0	0.0
k__Bacteria;p__Proteobacteria;c__Deltaproteobacteria;o__Syntrophobacterales	1.04999980627e-06	0.0	0.0	0.0	0.0	0.0	0.0	0.0	0.0	0.0	0.0	0.0	0.0	0.0	0.0	0.0	0.0	0.0	0.0	0.0	0.0	0.0	0.0	0.0	0.0	0.0	0.0	0.0	0.0	0.0	0.0	0.0	0.0	0.0	0.0	0.0	0.0	0.0	0.0	0.0	0.0	0.0	0.0	0.0	0.0	0.0	0.0	0.0	0.0	0.0	0.0	0.0	0.0	0.0	0.0	0.0	0.0	0.0	0.0	0.0
k__Bacteria;p__Proteobacteria;c__Epsilonproteobacteria;o__Campylobacterales	0.0029886214486	0.00123646602201	0.0001955159529	0.00591769251429	0.0	0.000990489023316	0.000224476930882	0.0	0.000159449990784	0.000114546979137	0.0137957741301	0.000569877085021	0.0	2.48000009424e-05	0.00199077850005	0.00271613475093	0.00146641767812	0.0	0.000613576821449	6.45740078386e-05	0.000204120980343	0.00215719414583	5.60000093696e-05	5.34999937774e-59	0.000261473077945	0.0	0.00223494180597	0.00123104000185	0.00241364990911	0.00153524803986	0.00678506897964	0.0332326025469	0.00369093091156	0.00555436004128	0.000585937843605	0.00357855126839	0.00094877595748	0.000328634155806	0.000409109089753	0.000354666143986	0.00677371053906	0.000773140933966	0.00102639775674	0.00118336169433	0.000682850976383	0.00753241007636	0.00128091599283	0.0	0.00111859697091	0.000392411855549	0.000171965002408	0.00268012827876	6.07999880793e-05	0.000617928877554	0.000424154914999	0.00126014881343	0.0	0.000912191879497	0.00014631005485	0.0011759831377
k__Bacteria;p__Proteobacteria;c__Gammaproteobacteria;o__Aeromonadales	2.63999951292e-06	0.00441905007866	1.45999964829e-06	0.0	0.0	0.0	0.0	0.0	0.0	0.0	6.83999956871e-126	0.0	0.0	0.0	0.0	0.0	6.6199985469e-06	0.0	0.0	0.0	0.0	0.0	0.0	0.0	0.0	0.0	0.0	0.0	0.0	0.0	7.11999997864e-06	3.46000036928e-06	2.01999940431e-06	0.0	0.0	3.09000023175e-06	0.0	7.08000335663e-07	0.0	3.55000144121e-06	0.0	1.99999982918e-05	0.0	1.52999960479e-05	0.0	0.0	0.0	0.0	0.0	2.06999923801e-06	0.0	0.0	1.50999970394e-17	0.0	0.0	0.0	0.0	3.35999955614e-54	1.3900005211e-05	0.0
k__Bacteria;p__Proteobacteria;c__Gammaproteobacteria;o__Alteromonadales	1.47999972694e-06	1.54000002741e-05	0.0	0.0	0.0	0.0	0.0	0.0	0.0	0.0	1.07699993209e-125	0.0	0.0	0.0	0.0	0.0	0.000136959969937	0.0	0.0	1.870000227e-07	0.0	0.0	0.0	1.78999979181e-05	0.0	0.0	0.0	0.0	0.0	0.0	0.0	0.0	2.45999927456e-06	3.51000128996e-33	0.0	0.0	0.0	0.0	0.0	0.0	0.0	0.0	0.0	0.0	0.0	0.0	0.0	0.0	3.39999991158e-06	0.0	0.0	0.0	3.87999923927e-66	0.0	0.0	0.0	0.0	0.0	0.0	0.0
k__Bacteria;p__Proteobacteria;c__Gammaproteobacteria;o__Cellvibrionales	0.0	0.0	0.0	0.0	0.0	0.0	0.0	0.0	0.0	0.0	0.0	0.0	0.0	0.0	0.0	0.0	0.0	0.0	0.0	0.0	0.0	0.0	0.0	0.0	0.0	0.0	0.0	0.0	0.0	0.0	2.78999999163e-06	0.0	0.0	0.0	0.0	0.0	0.0	0.0	0.0	0.0	3.46000180775e-06	0.0	0.0	5.51999857414e-06	0.0	0.0	0.0	0.0	0.0	0.0	0.0	0.0	7.2399985805e-138	0.0	0.0	0.0	0.0	0.0	0.0	0.0
k__Bacteria;p__Proteobacteria;c__Gammaproteobacteria;o__Chromatiales	7.419998631e-06	2.01000003578e-05	0.0	0.0	0.0	0.0	0.0	0.0	0.0	0.0	0.0	0.0	0.0	0.0	0.0	3.00999972398e-06	0.0	0.0	0.0	1.13000013717e-06	5.16999950213e-06	0.0	0.0	0.0	0.0	0.0	0.0	0.0	0.0	0.0	0.0	0.0	0.0	0.0	3.73999900174e-06	0.0	0.0	0.0	0.0	0.0	0.0	0.0	0.0	0.0	0.0	0.0	0.0	0.0	0.0	2.88999893616e-06	0.0	4.7099987325e-06	0.0	0.0	3.27999934269e-06	0.0	0.0	0.0	0.0	0.0
k__Bacteria;p__Proteobacteria;c__Gammaproteobacteria;o__Enterobacterales	0.00316772661555	0.43202905269	0.000177302957288	0.0128649197724	0.849052082684	0.306392657212	0.401639548238	0.950343858229	0.181903957486	0.109496846057	0.566453787283	0.0521141747806	0.965474328063	0.0534704280319	0.0380350244481	0.184426269788	0.0445493062214	0.000285045006569	0.0139676349354	0.0922854082025	0.0685787473959	0.0342407193147	0.894082818263	0.801340582796	0.0102613620589	0.648805753411	0.0560856491309	0.0316475220475	0.0218361131777	0.0822117231342	4.49099998653e-05	0.0141963055152	0.000846209750708	0.0221346771347	1.78099952463e-05	0.00012240000918	0.00135072493947	0.00931765571754	3.46800076084e-05	0.00157679164014	9.42300492324e-05	0.115614445125	1.16999972271e-06	0.000186930951714	0.000987065761958	0.000628627256742	0.000531537997023	0.135539756999	0.00140389996604	0.000361995866746	8.8000001232e-05	0.000767327793506	0.967703264269	0.00287857942919	0.0147792474382	0.335518025328	0.220665977779	0.0282704642654	0.000339456327259	1.91900022471e-05
k__Bacteria;p__Proteobacteria;c__Gammaproteobacteria;o__Legionellales	0.0	0.0	3.2199992243e-06	0.0	0.0	0.0	0.0	0.0	0.0	0.0	0.0	0.0	0.0	0.0	0.0	0.0	0.0	0.0	0.0	0.0	0.0	0.0	0.0	0.0	0.0	0.0	0.0	0.0	0.0	0.0	0.0	0.0	0.0	0.0	0.0	0.0	0.0	0.0	0.0	0.0	0.0	0.0	0.0	0.0	0.0	0.0	0.0	0.0	0.0	0.0	0.0	0.0	0.0	0.0	0.0	0.0	0.0	0.0	0.0	0.0
k__Bacteria;p__Proteobacteria;c__Gammaproteobacteria;o__NA	9.74999820112e-06	0.0	0.0	0.0	0.0	0.0	0.0	0.0	0.0	0.0	0.0	0.0	0.0	0.0	0.0	0.0	0.0	0.0	0.0	0.0	0.0	0.0	0.0	0.0	0.0	0.0	0.0	0.0	0.0	0.0	0.0	0.0	0.0	0.0	0.0	0.0	0.0	0.0	0.0	0.0	0.0	0.0	0.0	0.0	0.0	0.0	0.0	0.0	0.0	0.0	0.0	0.0	0.0	0.0	0.0	0.0	0.0	0.0	0.0	0.0
k__Bacteria;p__Proteobacteria;c__Gammaproteobacteria;o__Oceanospirillales	0.0	0.0	0.0	0.0	0.0	0.0	0.0	0.0	0.0	0.0	0.0	0.0	0.0	0.0	0.0	2.72999974966e-06	0.0	0.0	0.0	0.0	0.0	0.0	0.0	0.0	0.0	0.0	0.0	0.0	0.0	0.0	0.0	0.0	0.0	0.0	0.0	0.0	0.0	0.0	0.0	0.0	0.0	0.0	0.0	9.60999751766e-34	0.0	0.0	0.0	0.0	0.0	0.0	0.0	0.0	0.0	0.0	0.0	0.0	0.0	0.0	0.0	0.0
k__Bacteria;p__Proteobacteria;c__Gammaproteobacteria;o__Pasteurellales	2.19799959447e-05	0.000476056008474	1.65999960011e-05	0.00609424146997	0.0388484693058	0.00538380012678	0.00119401263236	0.0153677382142	0.00041192097619	0.00121903377798	0.12655940502	0.000232327034661	0.0	2.07000007866e-05	0.00853224985727	3.28799969849e-05	0.0360664150837	0.000818284020828	0.00167099051374	0.0	0.00251528875799	0.000165302011174	0.000998934157825	0.000742636913624	0.00179886353624	0.0	0.0	0.0	0.00717011972999	0.0	3.81999998854e-05	0.000120500012861	0.000161158952475	0.000856790314879	2.22399940638e-05	3.77000028275e-05	5.85699973751e-05	1.79000084864e-06	8.83000193719e-06	1.65000066986e-05	3.34000174505e-05	3.30999971729e-05	8.12999807319e-06	0.0	1.55799993995e-05	0.0	5.3399999701e-05	0.0	0.00531906486168	0.000551649796932	0.0	0.000307642917211	0.0140288872494	9.89899803703e-05	6.12999877155e-05	0.0202961669951	0.0	9.39999875824e-05	0.000676299253538	0.000934094109378
k__Bacteria;p__Proteobacteria;c__Gammaproteobacteria;o__Pseudomonadales	3.98999926384e-07	0.000689174012267	1.73999958083e-05	0.0	0.0	2.23000005249e-05	0.0	0.0	0.0	1.26999976869e-241	0.000294002981462	3.79000056544e-05	0.000157400022508	0.0	0.000114269971304	6.08999944154e-06	0.000572929874241	0.0	2.62899923496e-05	5.70000069192e-07	0.0	0.0	1.80000028439e-67	0.0408316372509	2.45000073035e-06	0.000853119996572	0.0	0.0	0.000661309975096	0.0	1.20999999637e-06	2.28400024399e-05	1.55999953996e-06	9.880003631e-06	5.32999857735e-06	2.3800001785e-06	1.97999991126e-06	1.36000064478e-06	0.0	2.53000102712e-06	0.0	0.0	8.00999810163e-07	4.00899896444e-05	0.0	2.91000120329e-32	5.55899996887e-05	0.0	6.35999983461e-06	0.0	0.0	0.0	2.79999945186e-16	1.47799971099e-05	0.0	4.08999939447e-05	0.0	0.000126018983353	1.48000055484e-05	0.0
k__Bacteria;p__Proteobacteria;c__Gammaproteobacteria;o__Thiotrichales	0.0	0.0	0.0	0.0	0.0	0.0	0.0	0.0	0.0	0.0	0.0	0.0	0.0	0.0	0.0	0.0	0.0	0.0	0.0	0.0	0.0	0.0	0.0	0.0	0.0	0.0	0.0	0.0	0.0	0.0	0.0	0.0	0.0	2.24000082322e-05	0.0	0.0	0.0	0.0	0.0	0.0	0.0	0.0	0.0	0.0	0.0	0.0	0.0	0.0	0.0	0.0	0.0	0.0	0.0	0.0	0.0	0.0	0.0	0.0	0.0	0.0
k__Bacteria;p__Proteobacteria;c__Gammaproteobacteria;o__Vibrionales	0.0	0.0	0.0	0.0	0.0	0.0	0.0	0.0	0.0	0.0	1.29999991803e-05	0.0	0.0	0.0	0.0	0.0	8.8099980662e-06	0.0	0.0	0.0	0.0	0.0	0.0	0.0	0.0	0.0	0.0	0.0	0.0	0.0	0.0	0.0	0.0	0.0	0.0	3.47000026025e-06	0.0	0.0	0.0	0.0	0.0	0.0	0.0	0.0	0.0	0.0	0.0	0.0	0.0	0.0	0.0	0.0	0.0	0.0	0.0	0.0	0.0	0.0	0.0	0.0
k__Bacteria;p__Proteobacteria;c__Gammaproteobacteria;o__Xanthomonadales	0.0	0.0	0.0	0.0	0.0	0.0	0.0	0.0	0.000105328993912	0.0	0.0	0.0	0.0	0.0	0.0	2.09999980743e-06	9.18999798279e-06	0.0	0.0	0.0	0.0	0.0	0.0	0.0	0.0	0.0	0.0	0.0	0.0	0.0	0.0	0.0	0.0	0.0	3.22999913787e-22	0.0	0.0	0.0	0.0	0.0	0.0	0.0	1.35999967768e-06	2.93999924057e-06	0.0	0.0	0.0	0.0	3.75999990222e-06	1.12999958404e-06	0.0	5.73999845532e-06	0.0	1.90999962125e-06	0.0	0.0	0.0	0.0	0.0	0.0
k__Bacteria;p__Proteobacteria;c__Oligoflexia;o__Bdellovibrionales	1.84999965867e-06	0.0	0.0	0.0	0.0	0.0	0.0	0.0	0.0	0.0	0.0	0.0	0.0	0.0	0.0	0.0	0.0	0.0	0.0	0.0	0.0	0.0	0.0	0.0	0.0	0.0	0.0	0.0	0.0	0.0	0.0	0.0	0.0	0.0	0.0	0.0	0.0	0.0	0.0	0.0	0.0	0.0	0.0	0.0	0.0	0.0	0.0	0.0	0.0	0.0	0.0	0.0	0.0	0.0	0.0	0.0	0.0	0.0	0.0	0.0
k__Bacteria;p__Spirochaetes;c__Spirochaetia;o__Brachyspirales	0.0	0.0	2.00999951579e-06	0.0	0.0	0.0	0.0	0.0	0.0	0.0	0.0	1.21000018052e-139	0.0	1.56000005928e-05	0.0	3.90999964145e-06	0.0	0.0	0.0	0.0	0.0	0.0	0.0	0.0	0.0	0.0	0.0	0.0	0.0	3.4900000906e-45	1.20999999637e-80	0.0	0.0	0.0	0.0	1.120000084e-05	1.78999991978e-47	0.0	6.18000135581e-06	3.37000136814e-06	0.0	9.16999921679e-06	7.13999830782e-06	4.45999884794e-06	0.0	0.0	1.34999999244e-05	0.0	4.6799998783e-60	3.92999855333e-192	0.0	0.0	0.0	1.09999978187e-14	6.77999864129e-63	0.0	0.0	5.9839992095e-05	6.60000247428e-192	5.3700006288e-229
k__Bacteria;p__Spirochaetes;c__Spirochaetia;o__Spirochaetales	9.14399831293e-05	0.000613301010917	0.000277735933093	0.0	0.0	5.07000370935e-54	0.000303395906583	0.0	0.0	0.0	0.0	0.00251105737463	0.0	0.000232045008818	0.000234738941049	4.95999954517e-05	0.0	0.0	0.00106133269115	0.0	3.69999964369e-37	1.98000013385e-05	0.0	4.06999952662e-21	0.0	0.0	1.7899998446e-05	0.0	0.0	0.0010825200281	0.000570694998288	0.00116799612466	7.22999786791e-05	0.00226870483377	7.24499806621e-05	0.000611439045858	7.43299966688e-05	5.66400268531e-05	0.000224114049168	0.000104420042392	0.00077970040737	0.00125249389302	6.10999855193e-05	0.00193046350134	0.000747886971176	0.00012178704974	5.71999996797e-05	0.0	0.000216792994362	9.01999667965e-05	1.57000002198e-37	0.000255309931294	2.23999956082e-05	5.98499881317e-05	0.00066576786658	0.000363443946191	0.0	0.000659131912927	0.000480813180252	0.000164403019251
k__Bacteria;p__Synergistetes;c__Synergistia;o__Synergistales	4.33999919927e-74	0.0	7.55999817879e-06	0.0	0.0	0.0	1.21999962435e-05	0.0	0.0	0.0	0.0	0.0	0.0	0.0	0.0	0.0	0.0	0.0	0.0	0.0	0.0	0.0	0.0	0.000107839987457	4.45000132655e-06	0.0	0.000226979980295	0.0	0.0	0.000210493005464	4.85999998542e-05	7.80000083249e-05	2.8799991507e-05	2.27000083425e-05	9.59999743762e-05	0.0	0.0	3.63000172098e-05	9.17000201178e-05	2.6100010596e-06	6.55000342218e-05	0.000214322981695	1.58999962317e-06	1.24999967711e-05	0.000108903995803	0.00030106412296	5.17999997099e-06	0.0	8.959999767e-06	8.53999685634e-05	0.0	5.70999846339e-05	0.0	3.50999930397e-05	2.76999944489e-05	0.0	0.0	0.00020408497304	4.50000168701e-260	7.44000087119e-06
k__Bacteria;p__Tenericutes;c__Mollicutes;o__Acholeplasmatales	0.0	0.0	0.0	2.56999935477e-25	0.0	0.0	3.12999903625e-46	0.0	0.0	0.0	1.28999991866e-23	0.0	0.0	0.0	8.25999792564e-05	0.0	0.0	0.0	0.0	0.0	0.0	0.0	0.0	4.61999946265e-05	0.0	0.0	0.0	0.0	0.0	0.0	0.0	0.0	0.0	0.0	0.0	0.0	0.0	0.0	0.0	5.95000241556e-06	0.0	0.0	3.15999925108e-06	0.0	0.0	0.0	0.0	0.0	0.0	2.6999990061e-06	0.0	0.0	0.0	0.0	0.0	0.0	0.0	0.0	0.0	0.0
k__Bacteria;p__Tenericutes;c__Mollicutes;o__Entomoplasmatales	0.0	0.0	7.30999823902e-06	0.0	0.0	0.0	0.0	0.0	0.0	0.0	0.0	0.0	0.0	0.0	5.4699986263e-05	0.0	0.0	0.0	0.0	0.0	0.0	0.0	0.0	0.0	0.0	0.0	0.0	0.0	0.0	0.0	1.28999999613e-05	0.0	1.11999966972e-05	0.0	1.49699960043e-05	9.2200006915e-06	1.41999993636e-05	5.02000237998e-06	1.57000034444e-05	3.5300014331e-06	0.0	0.0	4.75999887188e-06	7.35999809885e-06	0.0	0.0	0.0	0.0	0.0	3.02999888463e-06	0.0	2.81999924112e-05	0.0	0.0	4.2399991503e-06	0.0	0.0	2.38999968428e-05	0.0	0.0
k__Bacteria;p__Tenericutes;c__Mollicutes;o__Mycoplasmatales	0.0	0.0	3.87999906531e-28	0.0	0.0	0.0	4.61999857748e-05	0.0	0.0	0.0	0.0	2.42000036104e-154	0.0	0.0	0.0	6.61999939294e-62	0.0	0.0	0.0	5.37000065186e-06	0.0	0.0	0.0	0.0	0.0	0.0	0.0	0.0	0.0	0.0	0.0	0.0	0.0	0.0	0.0	0.0	0.0	0.0	0.0	0.0	0.0	0.0	0.0	0.0	0.0	0.0	0.0	0.0	0.0	0.0	0.0	1.97999946717e-05	0.0	0.0	0.0	0.000127263981158	0.0	0.0	0.0	0.0
k__Bacteria;p__Thermotogae;c__Thermotogae;o__Thermotogales	0.0	0.0	0.0	0.0	0.0	0.0	0.0	0.0	0.0	0.0	0.0	0.0	0.0	0.0	0.0	0.0	0.0	0.0	0.0	0.0	0.0	0.0	0.0	0.0	0.0	0.0	0.0	0.0	0.0	0.0	0.0	0.0	0.0	0.0	0.0	0.0	0.0	0.0	0.0	0.0	0.0	0.0	0.0	0.0	0.0	0.0	0.0	0.0	0.0	0.0	0.0	0.0	0.0	0.0	0.0	0.0	0.0	1.35999982034e-05	0.0	0.0
k__Bacteria;p__Verrucomicrobia;c__NA;o__NA	0.0	0.0	0.0	0.0	0.0	0.0	0.0	0.0	0.0	0.0	0.0	0.0	0.0	0.0	0.0	0.0	0.0	0.0	0.0	0.0	0.0	0.0	0.0	0.0	0.0	0.0	0.0	0.0	0.0	0.0	0.0	0.0	0.0	0.0	0.0	0.0	0.0	0.0	0.0	0.0	0.0	0.0	0.0	0.0	0.0	0.0	0.0	0.0	0.0	1.2699995325e-06	0.0	0.0	0.0	0.0	0.0	0.0	0.0	0.0	0.0	0.0
k__Bacteria;p__Verrucomicrobia;c__Opitutae;o__Opitutales	0.0	0.0	0.0	0.0	0.0	0.0	0.0	0.0	0.0	0.0	0.0	0.0	0.0	0.0	0.0	0.0	0.0	0.0	0.0	0.0	0.0	0.0	0.0	0.0	0.0	0.0	0.0	0.0	0.0	0.0	0.0	0.0	0.0	0.0	0.0	0.0	0.0	0.0	0.0	0.0	0.0	0.0	0.0	0.0	0.0	0.0	0.0	0.0	0.0	8.5199968637e-07	0.0	0.0	0.0	0.0	0.0	0.0	0.0	0.0	0.0	0.0
k__Bacteria;p__Verrucomicrobia;c__Verrucomicrobiae;o__Verrucomicrobiales	0.0	0.0	0.00167814759573	0.0	0.0	5.58000013135e-05	0.0	0.0	0.0	0.0	0.0	0.0	0.0	0.0	0.0	0.0	0.0	0.0	0.0116314556152	0.0	0.0	0.0	0.0	0.0	0.0	0.0	0.0	0.0	0.0	0.0879222792825	0.0948049767156	0.00371704939672	0.0	9.37000344357e-05	4.15999888964e-06	0.00011012700826	0.0547498985463	0.000128000060685	0.11992587931	0.0168768538516	0.002574314345	0.0102718871227	0.0	0.534718618878	0.000482263981413	0.159287883056	0.00137889499228	0.0	0.0	0.0535014133056	0.0	0.0	0.0	0.00244087951597	0.0	0.0	0.0	0.0280549582939	3.74000140209e-06	0.00128382015033